0.000000,
0.171738,
0.131907,
-0.194800,
-0.129913,
-0.081043,
0.049213,
0.027828,
-0.008357,
-0.005044,
0.002145,
0.000773,
-0.001392,
-0.000916,
-0.000012,
0.000323,
-0.000003,
0.000127,
-0.000135,
-0.000029,
-0.000031,
0.000087,
-0.000091,
0.000005,
-0.000026,
0.000027,
-0.000062,
-0.000017,
-0.000002,
0.000002,
0.000012,
-0.000024,
0.000011,
-0.000011,
-0.000001,
-0.000000,
0.000003,
0.000006,
-0.000009,
-0.000002,
0.000001,
0.000007,
0.000014,
-0.000008,
-0.000001,
-0.000003,
-0.000011,
-0.000003,
0.000004,
-0.000002,
-0.000004,
0.000001,
-0.000004,
0.000001,
0.000003,
0.000001,
0.000002,
0.000003,
-0.000001,
-0.000005,
0.000000,
0.000001,
-0.000008,
0.000001,
0.000003,
-0.000004,
-0.000004,
-0.000002,
0.000003,
0.000000,
-0.000002,
-0.000009,
0.000009,
0.000024,
0.000011,
-0.000017,
-0.000024,
-0.000002,
-0.000000,
0.000002,
0.000015,
0.000022,
0.000001,
-0.000022,
-0.000016,
0.000001,
0.000002,
-0.000003,
-0.000002,
0.000001,
-0.000001,
0.000005,
0.000001,
-0.000001,
-0.000001,
0.000000,
-0.000001,
-0.000003,
-0.000001,
-0.000002,
0.000001,
-0.000003,
-0.000002,
0.000004,
0.000007,
-0.000002,
-0.000006,
-0.000009,
-0.000003,
-0.000001,
0.000001,
0.000000,
0.000006,
-0.000000,
-0.000009,
-0.000011,
0.000003,
0.000005,
-0.000002,
-0.000002,
-0.000001,
0.000001,
0.000001,
-0.000000,
-0.000001,
-0.000001,
0.000001,
0.000000,
-0.000001,
0.000002,
0.000001,
-0.000000,
-0.000000,
-0.000000,
-0.000001,
0.000000,
0.000000,
-0.000002,
-0.000001,
0.000000,
0.000000,
0.000000,
0.000001,
0.000001,
-0.000001,
-0.000001,
-0.000002,
0.000001,
0.000002,
-0.000001,
-0.000004,
0.000000,
0.000004,
0.000005,
0.000001,
0.000000,
-0.000002,
0.000000,
-0.000004,
0.000001,
0.000004,
0.000007,
-0.000000,
-0.000004,
-0.000000,
0.000002,
0.000001,
-0.000001,
0.000001,
0.000000,
0.000000,
-0.000001,
0.000000,
-0.000002,
0.000001,
0.000004,
-0.000000,
-0.000007,
0.000002,
0.000030,
0.000007,
-0.000035,
0.000007,
0.000111,
0.000036,
-0.000022,
-0.000053,
-0.000000,
0.000001,
-0.000004,
0.000035,
0.000082,
0.000040,
-0.000032,
-0.000062,
-0.000012,
0.000012,
-0.000008,
-0.000006,
0.000004,
0.000006,
0.000003,
0.000001,
0.000000,
0.000001,
-0.000000,
-0.000000,
-0.000001,
-0.000001,
-0.000001,
-0.000001,
-0.000002,
-0.000002,
-0.000001,
-0.000001,
-0.000001,
-0.000001,
-0.000001,
-0.000001,
-0.000001,
-0.000001,
-0.000001,
-0.000001,
-0.000001,
-0.000001,
-0.000001,
-0.000001,
-0.000001,
-0.000001,
-0.000001,
-0.000001,
-0.000000,
-0.000000,
-0.000000,
-0.000000,
-0.000000,
-0.000000,
-0.000000,
-0.000000,
-0.000000,
-0.000000,
-0.000000,
-0.000000,
-0.000000,
-0.000000,
-0.000000,
-0.000000,
-0.000000,
-0.000000,
-0.000000,
-0.000000,
-0.000000,
-0.000000,
-0.000000,
-0.000000,
-0.000000,
-0.000000,
-0.000000,
-0.000000,
-0.000000,
-0.000000,
-0.000000,
-0.000000,
-0.000000,
-0.000000,
-0.000000,
-0.000000,
-0.000000,
-0.000000,
-0.000000,
-0.000000,
-0.000000,
-0.000000,
-0.000000,
-0.000000,
-0.000000,
-0.000000,
-0.000000,
-0.000000,
-0.000000,
-0.000000,
-0.000000,
-0.000000,
-0.000000,
-0.000000,
-0.000000,
-0.000000,
-0.000000,
-0.000000,
-0.000000,
-0.000000,
-0.000000,
-0.000000,
-0.000000,
-0.000000,
-0.000000,
-0.000000,
-0.000000,
-0.000000,
-0.000000,
-0.000000,
-0.000000,
-0.000000,
-0.000000,
-0.000000,
-0.000000,
-0.000000,
-0.000000,
-0.000000,
-0.000000,
-0.000000,
-0.000000,
-0.000000,
-0.000000,
-0.000000,
-0.000000,
-0.000000,
-0.000000,
-0.000000,
-0.000000,
-0.000000,
-0.000000,
-0.000000,
-0.000000,
-0.000000,
-0.000000,
-0.000000,
-0.000000,
-0.000000,
-0.000000,
-0.000000,
-0.000000,
-0.000000,
-0.000000,
-0.000000,
-0.000000,
-0.000000,
-0.000000,
-0.000000,
-0.000000,
-0.000000,
-0.000000,
-0.000000,
-0.000000,
-0.000000,
-0.000000,
-0.000000,
-0.000000,
-0.000000,
-0.000000,
-0.000000,
-0.000000,
-0.000000,
-0.000000,
-0.000000,
-0.000000,
-0.000000,
-0.000000,
-0.000000,
-0.000000,
-0.000000,
-0.000000,
-0.000000,
-0.000000,
-0.000000,
-0.000000,
-0.000000,
-0.000000,
-0.000000,
-0.000000,
-0.000000,
-0.000000,
-0.000000,
-0.000000,
-0.000000,
-0.000000,
-0.000000,
-0.000000,
-0.000000,
-0.000000,
-0.000000,
-0.000000,
-0.000000,
-0.000000,
-0.000000,
-0.000000,
-0.000000,
-0.000000,
-0.000000,
-0.000000,
-0.000000,
-0.000000,
-0.000000,
-0.000000,
-0.000000,
-0.000000,
-0.000000,
-0.000000,
-0.000000,
-0.000000,
-0.000000,
-0.000000,
-0.000000,
-0.000000,
-0.000000,
-0.000000,
-0.000000,
-0.000000,
-0.000000,
-0.000000,
-0.000000,
-0.000000,
-0.000000,
-0.000000,
-0.000000,
-0.000000,
-0.000000,
-0.000000,
-0.000000,
-0.000000,
-0.000000,
-0.000000,
-0.000000,
-0.000000,
-0.000000,
-0.000000,
-0.000000,
-0.000000,
-0.000000,
-0.000000,
-0.000000,
-0.000000,
-0.000000,
-0.000000,
-0.000000,
-0.000000,
-0.000000,
-0.000000,
-0.000000,
-0.000000,
-0.000000,
-0.000000,
-0.000000,
-0.000000,
-0.000000,
-0.000000,
-0.000000,
-0.000000,
-0.000000,
-0.000000,
-0.000000,
-0.000000,
-0.000000,
-0.000000,
-0.000000,
-0.000000,
-0.000000,
-0.000000,
-0.000000,
-0.000000,
-0.000000,
-0.000000,
-0.000000,
-0.000000,
-0.000000,
-0.000000,
-0.000000,
-0.000000,
-0.000000,
-0.000000,
-0.000000,
-0.000000,
-0.000000,
-0.000000,
-0.000000,
-0.000000,
-0.000000,
-0.000000,
-0.000000,
-0.000000,
-0.000000,
-0.000000,
-0.000000,
-0.000000,
-0.000000,
-0.000000,
-0.000000,
-0.000000,
-0.000000,
-0.000000,
-0.000000,
-0.000000,
-0.000000,
-0.000000,
-0.000000,
-0.000000,
-0.000000,
-0.000000,
-0.000000,
-0.000000,
-0.000000,
-0.000000,
-0.000000,
-0.000000,
-0.000000,
-0.000000,
-0.000000,
-0.000000,
-0.000000,
-0.000000,
-0.000000,
-0.000000,
-0.000000,
-0.000000,
-0.000000,
-0.000000,
-0.000000,
-0.000000,
-0.000000,
-0.000000,
-0.000000,
-0.000000,
-0.000000,
-0.000000,
-0.000000,
-0.000000,
-0.000000,
-0.000000,
-0.000000,
-0.000000,
-0.000000,
-0.000000,
-0.000000,
-0.000000,
-0.000000,
-0.000000,
-0.000000,
-0.000000,
-0.000000,
-0.000000,
-0.000000,
-0.000000,
-0.000000,
-0.000000,
-0.000000,
-0.000000,
-0.000000,
-0.000000,
-0.000000,
-0.000000,
-0.000000,
-0.000000,
-0.000000,
-0.000000,
-0.000000,
-0.000000,
-0.000000,
-0.000000,
-0.000000,
-0.000000,
-0.000000,
-0.000000,
-0.000000,
-0.000000,
-0.000000,
-0.000000,
-0.000000,
-0.000000,
-0.000000,
-0.000000,
-0.000000,
-0.000000,
-0.000000,
-0.000000,
-0.000000,
-0.000000,
-0.000000,
-0.000000,
-0.000000,
-0.000000,
-0.000000,
-0.000000,
-0.000000,
-0.000000,
-0.000000,
-0.000000,
-0.000000,
-0.000000,
-0.000000,
-0.000000,
-0.000000,
-0.000000,
-0.000000,
-0.000000,
-0.000000,
-0.000000,
-0.000000,
-0.000000,
-0.000000,
-0.000000,
-0.000000,
-0.000000,
-0.000000,
-0.000000,
-0.000000,
-0.000000,
-0.000000,
-0.000000,
-0.000000,
-0.000000,
-0.000000,
-0.000000,
-0.000000,
-0.000000,
-0.000000,
-0.000000,
-0.000000,
-0.000000,
-0.000000,
-0.000000,
-0.000000,
-0.000000,
-0.000000,
-0.000000,
-0.000000,
-0.000000,
-0.000000,
-0.000000,
-0.000000,
-0.000000,
-0.000000,
-0.000000,
-0.000000,
-0.000000,
-0.000000,
-0.000000,
-0.000000,
-0.000000,
-0.000000,
-0.000000,
-0.000000,
-0.000000,
-0.000000,
-0.000000,
-0.000000,
-0.000000,
-0.000000,
-0.000000,
-0.000000,
-0.000000,
-0.000000,
-0.000000,
-0.000000,
-0.000000,
-0.000000,
-0.000000,
-0.000000,
-0.000000,
-0.000000,
-0.000000,
-0.000000,
-0.000000,
-0.000000,
-0.000000,
-0.000000,
-0.000000,
-0.000000,
-0.000000,
-0.000000,
-0.000000,
-0.000000,
-0.000000,
-0.000000,
-0.000000,
-0.000000,
-0.000000,
-0.000000,
-0.000000,
-0.000000,
-0.000000,
-0.000000,
-0.000000,
-0.000000,
-0.000000,
-0.000000,
-0.000000,
-0.000000,
-0.000000,
-0.000000,
-0.000000,
-0.000000,
-0.000000,
-0.000000,
-0.000000,
-0.000000,
-0.000000,
-0.000000,
-0.000000,
-0.000000,
-0.000000,
-0.000000,
-0.000000,
-0.000000,
-0.000000,
-0.000000,
-0.000000,
-0.000000,
-0.000000,
-0.000000,
-0.000000,
-0.000000,
-0.000000,
-0.000000,
-0.000000,
-0.000000,
-0.000000,
-0.000000,
-0.000000,
-0.000000,
-0.000000,
-0.000000,
-0.000000,
-0.000000,
-0.000000,
-0.000000,
-0.000000,
-0.000000,
-0.000000,
-0.000000,
-0.000000,
-0.000000,
-0.000000,
-0.000000,
-0.000000,
-0.000000,
-0.000000,
-0.000000,
-0.000000,
-0.000000,
-0.000000,
-0.000000,
-0.000000,
-0.000000,
-0.000000,
-0.000000,
-0.000000,
-0.000000,
-0.000000,
-0.000000,
-0.000000,
-0.000000,
-0.000000,
-0.000000,
-0.000000,
-0.000000,
-0.000000,
-0.000000,
-0.000000,
-0.000000,
-0.000000,
-0.000000,
-0.000000,
-0.000000,
-0.000000,
-0.000000,
-0.000000,
-0.000000,
-0.000000,
-0.000000,
-0.000000,
-0.000000,
-0.000000,
-0.000000,
-0.000000,
-0.000000,
-0.000000,
-0.000000,
-0.000000,
-0.000000,
-0.000000,
-0.000000,
-0.000000,
-0.000000,
-0.000000,
-0.000000,
-0.000000,
-0.000000,
-0.000000,
-0.000000,
-0.000000,
-0.000000,
-0.000000,
-0.000000,
-0.000000,
-0.000000,
-0.000000,
-0.000000,
-0.000000,
-0.000000,
-0.000000,
-0.000000,
-0.000000,
-0.000000,
-0.000000,
-0.000000,
-0.000000,
-0.000000,
-0.000000,
-0.000000,
-0.000000,
-0.000000,
-0.000000,
-0.000000,
-0.000000,
-0.000000,
-0.000000,
-0.000000,
-0.000000,
-0.000000,
-0.000000,
-0.000000,
-0.000000,
-0.000000,
-0.000000,
-0.000000,
-0.000000,
-0.000000,
-0.000000,
-0.000000,
-0.000000,
-0.000000,
-0.000000,
-0.000000,
-0.000000,
-0.000000,
-0.000000,
-0.000000,
-0.000000,
-0.000000,
-0.000000,
-0.000000,
-0.000000,
-0.000000,
-0.000000,
-0.000000,
-0.000000,
-0.000000,
-0.000000,
-0.000000,
-0.000000,
-0.000000,
-0.000000,
-0.000000,
-0.000000,
-0.000000,
-0.000000,
-0.000000,
-0.000000,
-0.000000,
-0.000000,
-0.000000,
-0.000000,
-0.000000,
-0.000000,
-0.000000,
-0.000000,
-0.000000,
-0.000000,
-0.000000,
-0.000000,
-0.000000,
-0.000000,
-0.000000,
-0.000000,
-0.000000,
-0.000000,
-0.000000,
-0.000000,
-0.000000,
-0.000000,
-0.000000,
-0.000000,
-0.000000,
-0.000000,
-0.000000,
-0.000000,
-0.000000,
-0.000000,
-0.000000,
-0.000000,
-0.000000,
-0.000000,
-0.000000,
-0.000000,
-0.000000,
-0.000000,
-0.000000,
-0.000000,
-0.000000,
-0.000000,
-0.000000,
-0.000000,
-0.000000,
-0.000000,
-0.000000,
-0.000000,
-0.000000,
-0.000000,
-0.000000,
-0.000000,
-0.000000,
0.000000,
-0.000000,
-0.000000,
-0.000000,
-0.000000,
-0.000000,
-0.000000,
-0.000000,
-0.000000,
-0.000000,
-0.000000,
-0.000000,
-0.000000,
-0.000000,
-0.000000,
-0.000000,
-0.000000,
-0.000000,
-0.000000,
-0.000000,
-0.000000,
-0.000000,
-0.000000,
-0.000000,
-0.000000,
-0.000000,
-0.000000,
-0.000000,
-0.000000,
-0.000000,
-0.000000,
-0.000000,
-0.000000,
-0.000000,
-0.000000,
-0.000000,
-0.000000,
-0.000000,
-0.000000,
-0.000000,
-0.000000,
-0.000000,
-0.000000,
-0.000000,
-0.000000,
-0.000000,
-0.000000,
-0.000000,
-0.000000,
-0.000000,
-0.000000,
-0.000000,
-0.000000,
-0.000000,
-0.000000,
-0.000000,
-0.000000,
-0.000000,
-0.000000,
-0.000000,
-0.000000,
-0.000000,
-0.000000,
-0.000000,
-0.000000,
-0.000000,
-0.000000,
-0.000000,
-0.000000,
-0.000000,
-0.000000,
-0.000000,
-0.000000,
-0.000000,
-0.000000,
-0.000000,
-0.000000,
-0.000000,
-0.000000,
-0.000000,
-0.000000,
-0.000000,
-0.000000,
-0.000000,
-0.000000,
-0.000000,
-0.000000,
-0.000000,
-0.000000,
-0.000000,
-0.000000,
-0.000000,
-0.000000,
-0.000000,
-0.000000,
-0.000000,
-0.000000,
-0.000000,
-0.000000,
-0.000000,
-0.000000,
-0.000000,
-0.000000,
-0.000000,
-0.000000,
-0.000000,
-0.000000,
-0.000000,
-0.000000,
-0.000000,
-0.000000,
-0.000000,
-0.000000,
-0.000000,
-0.000000,
-0.000000,
-0.000000,
-0.000000,
-0.000000,
-0.000000,
-0.000000,
-0.000000,
-0.000000,
-0.000000,
-0.000000,
-0.000000,
-0.000000,
-0.000000,
-0.000000,
-0.000000,
-0.000000,
-0.000000,
-0.000000,
-0.000000,
-0.000000,
-0.000000,
-0.000000,
-0.000000,
-0.000000,
-0.000000,
-0.000000,
-0.000000,
-0.000000,
-0.000000,
-0.000000,
-0.000000,
-0.000000,
-0.000000,
-0.000000,
-0.000000,
-0.000000,
-0.000000,
-0.000000,
-0.000000,
-0.000000,
-0.000000,
-0.000000,
-0.000000,
-0.000000,
-0.000000,
-0.000000,
-0.000000,
-0.000000,
-0.000000,
-0.000000,
-0.000000,
-0.000000,
-0.000000,
-0.000000,
-0.000000,
-0.000000,
-0.000000,
-0.000000,
-0.000000,
-0.000000,
-0.000000,
-0.000000,
-0.000000,
-0.000000,
-0.000000,
-0.000000,
-0.000000,
-0.000000,
-0.000000,
-0.000000,
-0.000000,
-0.000000,
-0.000000,
-0.000000,
-0.000000,
-0.000000,
-0.000000,
-0.000000,
-0.000000,
-0.000000,
-0.000000,
-0.000000,
-0.000000,
-0.000000,
-0.000000,
-0.000000,
-0.000000,
-0.000000,
-0.000000,
-0.000000,
-0.000000,
-0.000000,
-0.000000,
-0.000000,
-0.000000,
-0.000000,
-0.000000,
-0.000000,
-0.000000,
-0.000000,
-0.000000,
-0.000000,
-0.000000,
-0.000000,
-0.000000,
-0.000000,
-0.000000,
-0.000000,
-0.000000,
-0.000000,
-0.000000,
-0.000000,
-0.000000,
-0.000000,
-0.000000,
-0.000000,
-0.000000,
-0.000000,
-0.000000,
-0.000000,
-0.000000,
-0.000000,
-0.000000,
-0.000000,
-0.000000,
-0.000000,
-0.000000,
-0.000000,
-0.000000,
-0.000000,
-0.000000,
-0.000000,
-0.000000,
-0.000000,
-0.000000,
-0.000000,
-0.000000,
-0.000000,
-0.000000,
-0.000000,
-0.000000,
-0.000000,
-0.000000,
-0.000000,
-0.000000,
-0.000000,
-0.000000,
-0.000000,
-0.000000,
-0.000000,
-0.000000,
-0.000000,
-0.000000,
-0.000000,
-0.000000,
-0.000000,
-0.000000,
-0.000000,
-0.000000,
-0.000000,
-0.000000,
-0.000000,
-0.000000,
-0.000000,
-0.000000,
-0.000000,
-0.000000,
-0.000000,
-0.000000,
-0.000000,
-0.000000,
-0.000000,
-0.000000,
-0.000000,
-0.000000,
-0.000000,
-0.000000,
-0.000000,
-0.000000,
-0.000000,
-0.000000,
-0.000000,
-0.000000,
-0.000000,
-0.000000,
-0.000000,
-0.000000,
-0.000000,
-0.000000,
-0.000000,
-0.000000,
-0.000000,
-0.000000,
-0.000000,
-0.000000,
-0.000000,
-0.000000,
-0.000000,
-0.000000,
-0.000000,
-0.000000,
-0.000000,
-0.000000,
-0.000000,
-0.000000,
-0.000000,
-0.000000,
-0.000000,
-0.000000,
-0.000000,
-0.000000,
-0.000000,
-0.000000,
-0.000000,
-0.000000,
-0.000000,
-0.000000,
-0.000000,
-0.000000,
-0.000000,
-0.000000,
-0.000000,
-0.000000,
-0.000000,
-0.000000,
-0.000000,
-0.000000,
-0.000000,
-0.000000,
-0.000000,
-0.000000,
-0.000000,
-0.000000,
-0.000000,
-0.000000,
-0.000000,
-0.000000,
-0.000000,
-0.000000,
-0.000000,
-0.000000,
-0.000000,
-0.000000,
-0.000000,
-0.000000,
-0.000000,
-0.000000,
-0.000000,
-0.000000,
-0.000000,
-0.000000,
-0.000000,
-0.000000,
-0.000000,
-0.000000,
-0.000000,
-0.000000,
-0.000000,
-0.000000,
-0.000000,
-0.000000,
-0.000000,
-0.000000,
-0.000000,
-0.000000,
-0.000000,
-0.000000,
-0.000000,
-0.000000,
-0.000000,
-0.000000,
-0.000000,
-0.000000,
-0.000000,
-0.000000,
-0.000000,
-0.000000,
-0.000000,
-0.000000,
-0.000000,
-0.000000,
-0.000000,
-0.000000,
-0.000000,
-0.000000,
-0.000000,
-0.000000,
-0.000000,
-0.000000,
-0.000000,
-0.000000,
-0.000000,
-0.000000,
-0.000000,
-0.000000,
-0.000000,
-0.000000,
-0.000000,
-0.000000,
-0.000000,
-0.000000,
-0.000000,
-0.000000,
-0.000000,
-0.000000,
-0.000000,
-0.000000,
-0.000000,
-0.000000,
-0.000000,
-0.000000,
-0.000000,
-0.000000,
-0.000000,
-0.000000,
-0.000000,
-0.000000,
-0.000000,
-0.000000,
-0.000000,
-0.000000,
-0.000000,
-0.000000,
-0.000000,
-0.000000,
-0.000000,
-0.000000,
-0.000000,
-0.000000,
-0.000000,
-0.000000,
-0.000000,
-0.000000,
-0.000000,
-0.000000,
-0.000000,
-0.000000,
-0.000000,
-0.000000,
0.000000,
-0.000000,
-0.000000,
-0.000000,
-0.000000,
-0.000000,
-0.000000,
-0.000000,
-0.000000,
-0.000000,
-0.000000,
-0.000000,
-0.000000,
-0.000000,
-0.000000,
-0.000000,
-0.000000,
-0.000000,
-0.000000,
-0.000000,
-0.000000,
-0.000000,
-0.000000,
-0.000000,
-0.000000,
-0.000000,
-0.000000,
-0.000000,
-0.000000,
-0.000000,
-0.000000,
-0.000000,
-0.000000,
-0.000000,
-0.000000,
-0.000000,
-0.000000,
-0.000000,
-0.000000,
-0.000000,
-0.000000,
-0.000000,
-0.000000,
-0.000000,
-0.000000,
-0.000000,
-0.000000,
-0.000000,
-0.000000,
-0.000000,
-0.000000,
-0.000000,
-0.000000,
-0.000000,
-0.000000,
-0.000000,
-0.000000,
-0.000000,
-0.000000,
-0.000000,
-0.000000,
-0.000000,
-0.000000,
-0.000000,
-0.000000,
-0.000000,
-0.000000,
-0.000000,
-0.000000,
-0.000000,
-0.000000,
-0.000000,
-0.000000,
-0.000000,
-0.000000,
-0.000000,
-0.000000,
-0.000000,
-0.000000,
-0.000000,
-0.000000,
-0.000000,
-0.000000,
-0.000000,
-0.000000,
-0.000000,
-0.000000,
-0.000000,
-0.000000,
-0.000000,
-0.000000,
-0.000000,
-0.000000,
-0.000000,
-0.000000,
-0.000000,
-0.000000,
-0.000000,
-0.000000,
-0.000000,
-0.000000,
-0.000000,
-0.000000,
-0.000000,
-0.000000,
-0.000000,
-0.000000,
-0.000000,
-0.000000,
-0.000000,
-0.000000,
-0.000000,
-0.000000,
-0.000000,
-0.000000,
-0.000000,
-0.000000,
-0.000000,
-0.000000,
-0.000000,
-0.000000,
-0.000000,
-0.000000,
-0.000000,
-0.000000,
-0.000000,
-0.000000,
-0.000000,
-0.000000,
-0.000000,
-0.000000,
-0.000000,
-0.000000,
-0.000000,
-0.000000,
-0.000000,
-0.000000,
-0.000000,
-0.000000,
-0.000000,
-0.000000,
-0.000000,
-0.000000,
-0.000000,
-0.000000,
-0.000000,
-0.000000,
-0.000000,
-0.000000,
-0.000000,
-0.000000,
-0.000000,
-0.000000,
-0.000000,
-0.000000,
-0.000000,
-0.000000,
-0.000000,
-0.000000,
-0.000000,
-0.000000,
-0.000000,
-0.000000,
-0.000000,
-0.000000,
-0.000000,
-0.000000,
-0.000000,
-0.000000,
-0.000000,
-0.000000,
-0.000000,
-0.000000,
0.000000,
-0.000000,
-0.000000,
-0.000000,
-0.000000,
-0.000000,
-0.000000,
-0.000000,
-0.000000,
-0.000000,
-0.000000,
-0.000000,
-0.000000,
-0.000000,
-0.000000,
-0.000000,
-0.000000,
-0.000000,
-0.000000,
-0.000000,
-0.000000,
-0.000000,
-0.000000,
-0.000000,
-0.000000,
-0.000000,
-0.000000,
-0.000000,
-0.000000,
-0.000000,
-0.000000,
-0.000000,
-0.000000,
-0.000000,
-0.000000,
-0.000000,
-0.000000,
-0.000000,
-0.000000,
-0.000000,
-0.000000,
-0.000000,
-0.000000,
-0.000000,
-0.000000,
-0.000000,
-0.000000,
-0.000000,
-0.000000,
-0.000000,
-0.000000,
-0.000000,
-0.000000,
-0.000000,
-0.000000,
-0.000000,
-0.000000,
-0.000000,
-0.000000,
-0.000000,
-0.000000,
-0.000000,
-0.000000,
-0.000000,
-0.000000,
-0.000000,
-0.000000,
-0.000000,
-0.000000,
-0.000000,
-0.000000,
-0.000000,
-0.000000,
-0.000000,
-0.000000,
-0.000000,
-0.000000,
-0.000000,
-0.000000,
-0.000000,
-0.000000,
-0.000000,
-0.000000,
-0.000000,
-0.000000,
-0.000000,
-0.000000,
-0.000000,
-0.000000,
-0.000000,
-0.000000,
-0.000000,
-0.000000,
-0.000000,
-0.000000,
-0.000000,
-0.000000,
-0.000000,
-0.000000,
-0.000000,
-0.000000,
-0.000000,
-0.000000,
-0.000000,
-0.000000,
-0.000000,
-0.000000,
-0.000000,
-0.000000,
-0.000000,
-0.000000,
-0.000000,
-0.000000,
-0.000000,
-0.000000,
-0.000000,
-0.000000,
-0.000000,
-0.000000,
-0.000000,
-0.000000,
-0.000000,
-0.000000,
-0.000000,
-0.000000,
-0.000000,
-0.000000,
-0.000000,
0.000000,
-0.000000,
-0.000000,
-0.000000,
-0.000000,
-0.000000,
-0.000000,
-0.000000,
-0.000000,
-0.000000,
-0.000000,
-0.000000,
-0.000000,
-0.000000,
-0.000000,
-0.000000,
-0.000000,
-0.000000,
-0.000000,
-0.000000,
-0.000000,
-0.000000,
-0.000000,
-0.000000,
-0.000000,
-0.000000,
-0.000000,
-0.000000,
-0.000000,
-0.000000,
-0.000000,
-0.000000,
-0.000000,
-0.000000,
-0.000000,
-0.000000,
-0.000000,
-0.000000,
-0.000000,
-0.000000,
-0.000000,
-0.000000,
-0.000000,
-0.000000,
-0.000000,
-0.000000,
-0.000000,
-0.000000,
-0.000000,
-0.000000,
-0.000000,
-0.000000,
-0.000000,
-0.000000,
-0.000000,
-0.000000,
-0.000000,
-0.000000,
-0.000000,
-0.000000,
-0.000000,
-0.000000,
-0.000000,
-0.000000,
-0.000000,
-0.000000,
-0.000000,
-0.000000,
-0.000000,
-0.000000,
-0.000000,
-0.000000,
-0.000000,
-0.000000,
-0.000000,
-0.000000,
-0.000000,
-0.000000,
-0.000000,
-0.000000,
-0.000000,
-0.000000,
-0.000000,
-0.000000,
-0.000000,
-0.000000,
-0.000000,
-0.000000,
-0.000000,
-0.000000,
-0.000000,
-0.000000,
-0.000000,
-0.000000,
-0.000000,
-0.000000,
-0.000000,
-0.000000,
-0.000000,
-0.000000,
-0.000000,
-0.000000,
-0.000000,
-0.000000,
-0.000000,
-0.000000,
-0.000000,
-0.000000,
-0.000000,
-0.000000,
-0.000000,
-0.000000,
-0.000000,
-0.000000,
-0.000000,
-0.000000,
-0.000000,
-0.000000,
-0.000000,
-0.000000,
-0.000000,
-0.000000,
-0.000000,
-0.000000,
-0.000000,
-0.000000,
-0.000000,
-0.000000,
-0.000000,
-0.000000,
-0.000000,
-0.000000,
-0.000000,
-0.000000,
-0.000000,
-0.000000,
-0.000000,
-0.000000,
-0.000000,
-0.000000,
-0.000000,
-0.000000,
-0.000000,
-0.000000,
-0.000000,
-0.000000,
-0.000000,
-0.000000,
-0.000000,
-0.000000,
-0.000000,
-0.000000,
-0.000000,
-0.000000,
-0.000000,
-0.000000,
-0.000000,
-0.000000,
-0.000000,
-0.000000,
-0.000000,
-0.000000,
-0.000000,
-0.000000,
-0.000000,
-0.000000,
-0.000000,
-0.000000,
-0.000000,
-0.000000,
-0.000000,
-0.000000,
-0.000000,
-0.000000,
-0.000000,
-0.000000,
-0.000000,
-0.000000,
-0.000000,
-0.000000,
-0.000000,
-0.000000,
-0.000000,
-0.000000,
-0.000000,
-0.000000,
-0.000000,
-0.000000,
-0.000000,
-0.000000,
-0.000000,
-0.000000,
-0.000000,
-0.000000,
-0.000000,
-0.000000,
-0.000000,
-0.000000,
-0.000000,
-0.000000,
-0.000000,
-0.000000,
-0.000000,
-0.000000,
-0.000000,
-0.000000,
-0.000000,
-0.000000,
-0.000000,
-0.000000,
-0.000000,
-0.000000,
-0.000000,
-0.000000,
-0.000000,
-0.000000,
-0.000000,
-0.000000,
-0.000000,
-0.000000,
-0.000000,
-0.000000,
-0.000000,
-0.000000,
-0.000000,
-0.000000,
-0.000000,
-0.000000,
-0.000000,
-0.000000,
-0.000000,
-0.000000,
-0.000000,
-0.000000,
-0.000000,
-0.000000,
-0.000000,
-0.000000,
-0.000000,
-0.000000,
-0.000000,
-0.000000,
-0.000000,
-0.000000,
-0.000000,
-0.000000,
-0.000000,
-0.000000,
-0.000000,
-0.000000,
-0.000000,
-0.000000,
-0.000000,
-0.000000,
-0.000000,
-0.000000,
-0.000000,
-0.000000,
-0.000000,
-0.000000,
-0.000000,
-0.000000,
-0.000000,
-0.000000,
-0.000000,
-0.000000,
-0.000000,
-0.000000,
-0.000000,
-0.000000,
-0.000000,
-0.000000,
-0.000000,
-0.000000,
-0.000000,
-0.000000,
-0.000000,
-0.000000,
-0.000000,
-0.000000,
-0.000000,
-0.000000,
-0.000000,
-0.000000,
-0.000000,
-0.000000,
-0.000000,
-0.000000,
-0.000000,
-0.000000,
-0.000000,
-0.000000,
-0.000000,
-0.000000,
-0.000000,
-0.000000,
-0.000000,
-0.000000,
-0.000000,
-0.000000,
-0.000000,
-0.000000,
-0.000000,
-0.000000,
-0.000000,
-0.000000,
-0.000000,
-0.000000,
-0.000000,
-0.000000,
-0.000000,
-0.000000,
-0.000000,
-0.000000,
-0.000000,
-0.000000,
-0.000000,
-0.000000,
-0.000000,
-0.000000,
-0.000000,
-0.000000,
-0.000000,
-0.000000,
-0.000000,
-0.000000,
-0.000000,
-0.000000,
-0.000000,
-0.000000,
-0.000000,
-0.000000,
-0.000000,
-0.000000,
-0.000000,
-0.000000,
-0.000000,
-0.000000,
-0.000000,
-0.000000,
-0.000000,
-0.000000,
-0.000000,
-0.000000,
-0.000000,
-0.000000,
-0.000000,
-0.000000,
-0.000000,
-0.000000,
-0.000000,
-0.000000,
-0.000000,
-0.000000,
-0.000000,
-0.000000,
-0.000000,
-0.000000,
-0.000000,
-0.000000,
-0.000000,
-0.000000,
-0.000000,
-0.000000,
-0.000000,
-0.000000,
-0.000000,
-0.000000,
-0.000000,
-0.000000,
-0.000000,
-0.000000,
-0.000000,
-0.000000,
-0.000000,
-0.000000,
-0.000000,
-0.000000,
-0.000000,
-0.000000,
-0.000000,
-0.000000,

