
0.000000,
-0.110487,
-0.278876,
0.367383,
0.036321,
-0.170779,
0.028859,
0.013815,
0.014130,
0.030014,
-0.041771,
-0.014977,
0.036079,
0.000570,
-0.015222,
0.002152,
0.002587,
-0.000112,
0.000035,
0.000451,
0.001269,
-0.003233,
-0.001189,
0.004621,
-0.000412,
-0.002951,
0.000369,
0.000553,
0.000444,
0.001178,
-0.001841,
-0.001937,
0.001820,
0.001686,
-0.001594,
-0.001692,
0.000804,
0.001288,
-0.000273,
0.000415,
-0.000936,
-0.001291,
0.000835,
0.001145,
-0.000986,
-0.000538,
0.000365,
-0.000042,
0.000477,
0.000635,
-0.000847,
-0.000986,
0.001089,
0.000963,
-0.000655,
0.000901,
0.000439,
0.001002,
0.000971,
-0.000448,
0.000899,
0.000166,
0.000860,
0.000225,
-0.000898,
0.000282,
0.000337,
0.000661,
-0.000503,
-0.000597,
0.000297,
-0.000000,
-0.000442,
-0.000548,
0.000075,
0.000712,
-0.000252,
-0.000314,
-0.000431,
0.000000,
-0.000594,
-0.000654,
-0.000632,
-0.000178,
-0.000667,
-0.000581,
0.000532,
-0.000000,
-0.000547,
-0.000645,
-0.000123,
-0.000358,
-0.000377,
-0.000300,
0.000028,
-0.000000,
-0.000000,
-0.000469,
0.000345,
0.000460,
-0.000169,
0.000319,
-0.000478,
-0.000085,
0.000465,
0.000457,
-0.000125,
0.000259,
0.000349,
0.000245,
0.000206,
-0.000111,
0.000346,
0.000330,
-0.000206,
0.000205,
0.000277,
0.000056,
0.000187,
0.000163,
0.000317,
0.000289,
-0.000216,
-0.000198,
0.000263,
-0.000071,
-0.000320,
0.000040,
-0.000000,
-0.000316,
0.000144,
-0.000192,
-0.000191,
0.000100,
-0.000307,
-0.000227,
-0.000113,
-0.000239,
-0.000178,
-0.000238,
-0.000223,
-0.000000,
-0.000240,
-0.000247,
0.000000,
-0.000245,
-0.000244,
0.000172,
0.000000,
-0.000242,
0.000241,
0.000170,
-0.000169,
0.000214,
0.000168,
-0.000000,
0.000212,
0.000236,
-0.000166,
0.000210,
0.000229,
0.000104,
0.000145,
0.000183,
0.000144,
0.000091,
0.000064,
0.000192,
0.000143,
-0.000167,
0.000090,
0.000099,
-0.000141,
0.000140,
-0.000043,
-0.000078,
0.000196,
0.000139,
-0.000193,
0.000062,
0.000112,
-0.000194,
-0.000000,
-0.000053,
-0.000061,
0.000061,
-0.000115,
0.000191,
0.000135,
-0.000179,
-0.000085,
0.000060,
-0.000000,
0.000052,
-0.000094,
-0.000137,
0.000174,
0.000181,
-0.000164,
0.000151,
0.000140,
-0.000161,
0.000039,
-0.000073,
-0.000072,
0.000000,
0.000076,
0.000161,
-0.000086,
0.000150,
0.000155,
-0.000147,
-0.000158,
0.000127,
0.000071,
-0.000093,
0.000034,
0.000007,
0.000111,
0.000117,
0.000065,
0.000110,
0.000104,
0.000122,
0.000130,
0.000136,
0.000151,
0.000152,
0.000145,
0.000150,
0.000146,
0.000136,
0.000128,
0.000128,
0.000113,
0.000093,
0.000083,
0.000080,
0.000067,
0.000059,
0.000041,
0.000047,
0.000047,
0.000029,
0.000029,
0.000036,
0.000036,
0.000036,
0.000036,
0.000046,
0.000043,
0.000043,
0.000043,
0.000043,
0.000043,
0.000043,
0.000043,
0.000043,
0.000061,
0.000060,
0.000060,
0.000060,
0.000060,
0.000060,
0.000060,
0.000060,
0.000060,
0.000060,
0.000059,
0.000059,
0.000059,
0.000059,
0.000059,
0.000059,
0.000059,
0.000059,
0.000059,
0.000058,
0.000000,
0.000000,
0.000000,
0.000000,
0.000000,
0.000000,
0.000000,
0.000000,
0.000000,
0.000000,
0.000000,
0.000000,
0.000000,
0.000000,
0.000000,
0.000000,
0.000000,
0.000000,
0.000000,
0.000000,
0.000000,
0.000000,
0.000000,
0.000000,
0.000000,
0.000000,
0.000000,
0.000000,
0.000000,
0.000000,
0.000000,
0.000000,
0.000000,
0.000000,
0.000000,
0.000000,
0.000000,
0.000000,
0.000000,
0.000000,
0.000000,
0.000000,
0.000000,
0.000000,
0.000000,
0.000000,
0.000000,
0.000000,
0.000000,
0.000000,
0.000000,
0.000000,
0.000000,
0.000000,
0.000000,
0.000000,
0.000000,
0.000000,
0.000000,
0.000000,
0.000000,
0.000000,
0.000000,
0.000000,
0.000000,
0.000000,
0.000000,
0.000000,
0.000000,
0.000000,
0.000000,
0.000000,
0.000000,
0.000000,
0.000000,
0.000000,
0.000000,
0.000000,
0.000000,
0.000000,
0.000000,
0.000000,
0.000000,
0.000000,
0.000000,
0.000000,
0.000000,
0.000000,
0.000000,
0.000000,
0.000000,
0.000000,
0.000000,
0.000000,
0.000000,
0.000000,
0.000000,
0.000000,
0.000000,
0.000000,
0.000000,
0.000000,
0.000000,
0.000000,
0.000000,
0.000000,
0.000000,
0.000000,
0.000000,
0.000000,
0.000000,
0.000000,
0.000000,
0.000000,
0.000000,
0.000000,
0.000000,
0.000000,
0.000000,
0.000000,
0.000000,
0.000000,
0.000000,
0.000000,
0.000000,
0.000000,
0.000000,
0.000000,
0.000000,
0.000000,
0.000000,
0.000000,
0.000000,
0.000000,
0.000000,
0.000000,
0.000000,
0.000000,
0.000000,
0.000000,
0.000000,
0.000000,
0.000000,
0.000000,
0.000000,
0.000000,
0.000000,
0.000000,
0.000000,
0.000000,
0.000000,
0.000000,
0.000000,
0.000000,
0.000000,
0.000000,
0.000000,
0.000000,
0.000000,
0.000000,
0.000000,
0.000000,
0.000000,
0.000000,
0.000000,
0.000000,
0.000000,
0.000000,
0.000000,
0.000000,
0.000000,
0.000000,
0.000000,
0.000000,
0.000000,
0.000000,
0.000000,
0.000000,
0.000000,
0.000000,
0.000000,
0.000000,
0.000000,
0.000000,
0.000000,
0.000000,
0.000000,
0.000000,
0.000000,
0.000000,
0.000000,
0.000000,
0.000000,
0.000000,
0.000000,
0.000000,
0.000000,
0.000000,
0.000000,
0.000000,
0.000000,
0.000000,
0.000000,
0.000000,
0.000000,
0.000000,
0.000000,
0.000000,
0.000000,
0.000000,
0.000000,
0.000000,
0.000000,
0.000000,
0.000000,
0.000000,
0.000000,
0.000000,
0.000000,
0.000000,
0.000000,
0.000000,
0.000000,
0.000000,
-0.000000,
0.000000,
0.000000,
0.000000,
0.000000,
0.000000,
-0.000000,
0.000000,
0.000000,
0.000000,
0.000000,
0.000000,
0.000000,
0.000000,
0.000000,
0.000000,
0.000000,
0.000000,
0.000000,
0.000000,
0.000000,
0.000000,
0.000000,
0.000000,
0.000000,
0.000000,
0.000000,
0.000000,
0.000000,
0.000000,
0.000000,
0.000000,
0.000000,
0.000000,
0.000000,
0.000000,
0.000000,
0.000000,
0.000000,
0.000000,
0.000000,
0.000000,
0.000000,
0.000000,
0.000000,
0.000000,
0.000000,
0.000000,
0.000000,
0.000000,
0.000000,
0.000000,
0.000000,
0.000000,
0.000000,
0.000000,
0.000000,
0.000000,
0.000000,
0.000000,
0.000000,
0.000000,
0.000000,
0.000000,
0.000000,
0.000000,
0.000000,
0.000000,
0.000000,
0.000000,
0.000000,
0.000000,
0.000000,
0.000000,
0.000000,
0.000000,
0.000000,
0.000000,
0.000000,
0.000000,
0.000000,
0.000000,
0.000000,
0.000000,
0.000000,
0.000000,
0.000000,
0.000000,
0.000000,
0.000000,
0.000000,
0.000000,
0.000000,
0.000000,
0.000000,
0.000000,
0.000000,
0.000000,
0.000000,
0.000000,
0.000000,
0.000000,
0.000000,
0.000000,
0.000000,
0.000000,
0.000000,
0.000000,
0.000000,
0.000000,
0.000000,
0.000000,
0.000000,
0.000000,
0.000000,
0.000000,
0.000000,
0.000000,
0.000000,
0.000000,
0.000000,
0.000000,
0.000000,
0.000000,
0.000000,
0.000000,
0.000000,
0.000000,
0.000000,
0.000000,
0.000000,
0.000000,
0.000000,
0.000000,
0.000000,
0.000000,
0.000000,
0.000000,
0.000000,
0.000000,
0.000000,
0.000000,
0.000000,
0.000000,
0.000000,
0.000000,
0.000000,
0.000000,
0.000000,
0.000000,
0.000000,
0.000000,
0.000000,
0.000000,
0.000000,
0.000000,
0.000000,
0.000000,
0.000000,
0.000000,
0.000000,
0.000000,
0.000000,
0.000000,
0.000000,
0.000000,
0.000000,
0.000000,
0.000000,
0.000000,
0.000000,
0.000000,
0.000000,
0.000000,
0.000000,
0.000000,
0.000000,
0.000000,
0.000000,
0.000000,
0.000000,
0.000000,
0.000000,
0.000000,
0.000000,
0.000000,
0.000000,
0.000000,
0.000000,
0.000000,
0.000000,
0.000000,
0.000000,
0.000000,
0.000000,
0.000000,
0.000000,
0.000000,
0.000000,
0.000000,
0.000000,
0.000000,
0.000000,
0.000000,
0.000000,
0.000000,
0.000000,
0.000000,
0.000000,
0.000000,
0.000000,
0.000000,
0.000000,
0.000000,
0.000000,
0.000000,
0.000000,
0.000000,
0.000000,
0.000000,
0.000000,
0.000000,
0.000000,
0.000000,
0.000000,
0.000000,
0.000000,
0.000000,
0.000000,
0.000000,
0.000000,
0.000000,
0.000000,
0.000000,
0.000000,
0.000000,
0.000000,
0.000000,
0.000000,
0.000000,
0.000000,
0.000000,
0.000000,
0.000000,
0.000000,
0.000000,
0.000000,
0.000000,
0.000000,
0.000000,
0.000000,
0.000000,
0.000000,
0.000000,
0.000000,
0.000000,
0.000000,
0.000000,
0.000000,
0.000000,
0.000000,
0.000000,
0.000000,
0.000000,
0.000000,
0.000000,
0.000000,
0.000000,
0.000000,
0.000000,
0.000000,
0.000000,
0.000000,
0.000000,
0.000000,
0.000000,
0.000000,
0.000000,
0.000000,
0.000000,
0.000000,
0.000000,
0.000000,
0.000000,
0.000000,
0.000000,
0.000000,
0.000000,
0.000000,
0.000000,
0.000000,
0.000000,
0.000000,
0.000000,
0.000000,
0.000000,
0.000000,
0.000000,
0.000000,
0.000000,
0.000000,
0.000000,
0.000000,
0.000000,
0.000000,
0.000000,
0.000000,
0.000000,
0.000000,
0.000000,
0.000000,
0.000000,
0.000000,
0.000000,
0.000000,
0.000000,
0.000000,
0.000000,
0.000000,
0.000000,
0.000000,
0.000000,
0.000000,
0.000000,
0.000000,
0.000000,
0.000000,
0.000000,
0.000000,
0.000000,
0.000000,
0.000000,
0.000000,
0.000000,
0.000000,
0.000000,
0.000000,
0.000000,
0.000000,
0.000000,
0.000000,
0.000000,
0.000000,
0.000000,
0.000000,
0.000000,
0.000000,
0.000000,
0.000000,
0.000000,
0.000000,
0.000000,
0.000000,
0.000000,
0.000000,
0.000000,
0.000000,
0.000000,
0.000000,
0.000000,
0.000000,
0.000000,
0.000000,
0.000000,
0.000000,
0.000000,
0.000000,
0.000000,
0.000000,
0.000000,
0.000000,
0.000000,
0.000000,
0.000000,
0.000000,
0.000000,
0.000000,
0.000000,
0.000000,
0.000000,
0.000000,
0.000000,
0.000000,
0.000000,
0.000000,
0.000000,
0.000000,
0.000000,
0.000000,
0.000000,
0.000000,
0.000000,
0.000000,
0.000000,
0.000000,
0.000000,
0.000000,
0.000000,
0.000000,
0.000000,
0.000000,
0.000000,
0.000000,
0.000000,
0.000000,
0.000000,
0.000000,
0.000000,
0.000000,
0.000000,
0.000000,
0.000000,
0.000000,
0.000000,
0.000000,
0.000000,
0.000000,
0.000000,
0.000000,
0.000000,
0.000000,
0.000000,
0.000000,
0.000000,
0.000000,
0.000000,
0.000000,
0.000000,
0.000000,
0.000000,
0.000000,
0.000000,
0.000000,
0.000000,
0.000000,
0.000000,
0.000000,
0.000000,
0.000000,
0.000000,
0.000000,
0.000000,
0.000000,
0.000000,
0.000000,
0.000000,
0.000000,
0.000000,
0.000000,
0.000000,
0.000000,
0.000000,
0.000000,
0.000000,
0.000000,
0.000000,
0.000000,
0.000000,
0.000000,
0.000000,
0.000000,
0.000000,
0.000000,
0.000000,
0.000000,
0.000000,
0.000000,
0.000000,
0.000000,
0.000000,
0.000000,
0.000000,
0.000000,
0.000000,
0.000000,
0.000000,
0.000000,
0.000000,
0.000000,
0.000000,
0.000000,
0.000000,
0.000000,
0.000000,
0.000000,
0.000000,
0.000000,
0.000000,
0.000000,
0.000000,
0.000000,
0.000000,
0.000000,
0.000000,
0.000000,
0.000000,
0.000000,
0.000000,
-0.000000,
0.000000,
0.000000,
-0.000000,
0.000000,
0.000000,
0.000000,
-0.000000,
0.000000,
0.000000,
0.000000,
0.000000,
0.000000,
-0.000000,
0.000000,
0.000000,
0.000000,
0.000000,
0.000000,
0.000000,
0.000000,
0.000000,
0.000000,
-0.000000,
0.000000,
0.000000,
0.000000,
0.000000,
0.000000,
-0.000000,
0.000000,
0.000000,
0.000000,
0.000000,
0.000000,
0.000000,
0.000000,
0.000000,
0.000000,
0.000000,
0.000000,
0.000000,
0.000000,
0.000000,
0.000000,
0.000000,
0.000000,
0.000000,
0.000000,
0.000000,
0.000000,
0.000000,
0.000000,
0.000000,
0.000000,
0.000000,
0.000000,
0.000000,
0.000000,
-0.000000,
0.000000,
0.000000,
0.000000,
0.000000,
-0.000000,
0.000000,
0.000000,
0.000000,
0.000000,
0.000000,
0.000000,
0.000000,
0.000000,
0.000000,
0.000000,
0.000000,
0.000000,
0.000000,
0.000000,
0.000000,
0.000000,
0.000000,
0.000000,
0.000000,
0.000000,
0.000000,
0.000000,
0.000000,
0.000000,
0.000000,
0.000000,
0.000000,
0.000000,
0.000000,
0.000000,
0.000000,
0.000000,
0.000000,
0.000000,
0.000000,
0.000000,
0.000000,
0.000000,
0.000000,
0.000000,
0.000000,
0.000000,
0.000000,
0.000000,
0.000000,
0.000000,
0.000000,
0.000000,
0.000000,
0.000000,
0.000000,
0.000000,
0.000000,
0.000000,
0.000000,
0.000000,
0.000000,
0.000000,
-0.000000,
0.000000,
0.000000,
0.000000,
0.000000,
0.000000,
0.000000,
0.000000,
0.000000,
0.000000,
0.000000,
0.000000,
0.000000,
0.000000,
0.000000,
0.000000,
0.000000,
0.000000,
0.000000,
0.000000,
0.000000,
0.000000,
0.000000,
0.000000,
0.000000,
0.000000,
0.000000,
-0.000000,
0.000000,
0.000000,
0.000000,
-0.000000,
0.000000,
0.000000,
0.000000,
0.000000,
0.000000,
0.000000,
0.000000,
0.000000,
0.000000,
0.000000,
0.000000,
0.000000,
0.000000,
0.000000,
0.000000,
0.000000,
0.000000,
0.000000,
0.000000,
0.000000,
0.000000,
0.000000,
0.000000,
0.000000,
0.000000,
0.000000,
0.000000,
0.000000,
0.000000,
0.000000,
0.000000,
0.000000,
0.000000,
0.000000,
0.000000,
0.000000,
0.000000,
0.000000,
0.000000,
0.000000,
0.000000,
0.000000,
0.000000,
0.000000,
0.000000,
0.000000,
0.000000,
0.000000,
0.000000,
0.000000,
0.000000,
0.000000,
0.000000,
0.000000,
0.000000,
0.000000,
0.000000,
0.000000,
-0.000000,
0.000000,
0.000000,
0.000000,
0.000000,
0.000000,
0.000000,
0.000000,
0.000000,
0.000000,
0.000000,
0.000000,
0.000000,
0.000000,
0.000000,
0.000000,
0.000000,
0.000000,
0.000000,
0.000000,
0.000000,
0.000000,
0.000000,
0.000000,
0.000000,
0.000000,
0.000000,
0.000000,
0.000000,
0.000000,
-0.000000,
0.000000,
0.000000,
0.000000,
-0.000000,
0.000000,
0.000000,
0.000000,
0.000000,
0.000000,
0.000000,
0.000000,
0.000000,
0.000000,
0.000000,
0.000000,
0.000000,
0.000000,
0.000000,
0.000000,
0.000000,
0.000000,
0.000000,
0.000000,
0.000000,
0.000000,
0.000000,
0.000000,
0.000000,
0.000000,
0.000000,
0.000000,
0.000000,
0.000000,
0.000000,
0.000000,
0.000000,
0.000000,
0.000000,
0.000000,
0.000000,
0.000000,
0.000000,
0.000000,
0.000000,
0.000000,
0.000000,
0.000000,
0.000000,
0.000000,
-0.000000,
0.000000,
0.000000,
0.000000,
0.000000,
0.000000,
0.000000,
0.000000,
0.000000,
0.000000,
-0.000000,
0.000000,
0.000000,
-0.000000,
0.000000,
0.000000,
0.000000,
0.000000,
0.000000,
0.000000,
0.000000,
0.000000,
0.000000,
0.000000,
0.000000,
0.000000,
0.000000,
0.000000,
0.000000,
0.000000,
0.000000,
0.000000,
0.000000,
0.000000,
0.000000,
0.000000,
0.000000,
0.000000,
0.000000,
0.000000,
0.000000,
0.000000,
0.000000,
0.000000,
0.000000,
0.000000,
0.000000,
0.000000,
0.000000,
0.000000,
0.000000,
0.000000,
0.000000,
0.000000,
0.000000,
0.000000,
-0.000000,
0.000000,
0.000000,
-0.000000,
0.000000,
0.000000,
0.000000,
0.000000,
0.000000,
0.000000,
0.000000,
0.000000,
0.000000,
0.000000,
0.000000,
0.000000,
0.000000,
0.000000,
0.000000,
0.000000,
0.000000,
0.000000,
0.000000,
0.000000,
0.000000,
0.000000,
0.000000,
0.000000,
0.000000,
0.000000,
0.000000,
0.000000,
0.000000,
0.000000,
0.000000,
0.000000,
0.000000,
0.000000,
0.000000,
0.000000,
0.000000,
0.000000,
0.000000,
0.000000,
0.000000,
0.000000,
0.000000,
0.000000,
0.000000,
0.000000,
-0.000000,
0.000000,
0.000000,
0.000000,
0.000000,
0.000000,
0.000000,
0.000000,
0.000000,
0.000000,
0.000000,
0.000000,
-0.000000,
0.000000,
0.000000,
0.000000,
0.000000,
0.000000,
0.000000,
0.000000,
0.000000,
0.000000,
0.000000,
0.000000,
0.000000,
0.000000,
0.000000,
0.000000,
0.000000,
0.000000,
0.000000,
0.000000,
0.000000,
0.000000,
0.000000,
0.000000,
0.000000,
0.000000,
0.000000,
0.000000,
0.000000,
0.000000,
0.000000,
-0.000000,
-0.000000,
0.000000,
0.000000,
0.000000,
0.000000,
0.000000,
0.000000,
0.000000,
0.000000,
-0.000000,
0.000000,
0.000000,
0.000000,
0.000000,
0.000000,
0.000000,
0.000000,
0.000000,
0.000000,
-0.000000,
0.000000,
0.000000,
-0.000000,
0.000000,
0.000000,
0.000000,
0.000000,
0.000000,
0.000000,
0.000000,
-0.000000,
0.000000,
0.000000,
0.000000,
0.000000,
0.000000,
-0.000000,
0.000000,
0.000000,
0.000000,
0.000000,
0.000000,
0.000000,
0.000000,
-0.000000,
0.000000,
0.000000,
-0.000000,
-0.000000,
0.000000,
0.000000,
0.000000,
0.000000,
0.000000,
0.000000,
-0.000000,
0.000000,
0.000000,
0.000000,
-0.000000,
0.000000,
0.000000,
0.000000,
0.000000,
0.000000,
-0.000000,
0.000000,
0.000000,
-0.000000,
-0.000000,
0.000000,
0.000000,
0.000000,
0.000000,
0.000000,
-0.000000,
-0.000000,
0.000000,
-0.000000,
0.000000,
-0.000000,
0.000000,
0.000000,
0.000000,
-0.000000,
0.000000,
0.000000,
0.000000,
0.000000,
0.000000,
-0.000000,
0.000000,
0.000000,
-0.000000,
0.000000,
-0.000000,
-0.000000,
0.000000,
0.000000,
-0.000000,
-0.000000,
0.000000,
0.000000,
0.000000,
0.000000,
0.000000,
0.000000,
-0.000000,
0.000000,
0.000000,
0.000000,
0.000000,
0.000000,
0.000000,
0.000000,
0.000000,
0.000000,
0.000000,
0.000000,
0.000000,
0.000000,
-0.000000,
0.000000,
-0.000000,
-0.000000,
0.000000,
-0.000000,
-0.000000,
-0.000000,
0.000000,
0.000000,
0.000000,
0.000000,
0.000000,
0.000000,
0.000000,
-0.000000,
-0.000000,
-0.000000,
0.000000,
0.000000,
-0.000000,
0.000000,
0.000000,
-0.000000,
0.000000,
0.000000,
0.000000,
-0.000000,
0.000000,
0.000000,
-0.000000,
0.000000,
0.000000,
-0.000000,
0.000000,
0.000000,
-0.000000,
0.000000,
0.000000,
-0.000000,
0.000000,
0.000000,
0.000000,
0.000000,
0.000000,
0.000000,
0.000000,
-0.000000,
0.000000,
0.000000,
0.000000,
0.000000,
0.000000,
0.000000,
0.000000,
0.000000,
-0.000000,
0.000000,
-0.000000,
0.000000,
0.000000,
0.000000,
0.000000,
0.000000,
0.000000,
0.000000,
-0.000000,
0.000000,
0.000000,
0.000000,
0.000000,
0.000000,
0.000000,
0.000000,
0.000000,
0.000000,
-0.000000,
0.000000,
0.000000,
0.000000,
0.000000,
0.000000,
-0.000000,
-0.000000,
0.000000,
0.000000,
-0.000000,
-0.000000,
0.000000,
-0.000000,
0.000000,
0.000000,
0.000000,
0.000000,
0.000000,
-0.000000,
0.000000,
-0.000000,
-0.000000,
0.000000,
-0.000000,
0.000000,
-0.000000,
0.000000,
-0.000000,
-0.000000,
-0.000000,
0.000000,
-0.000000,
0.000000,
0.000000,
0.000000,
-0.000000,
0.000000,
0.000000,
-0.000000,
-0.000000,
0.000000,
0.000000,
0.000000,
-0.000000,
0.000000,
-0.000000,
-0.000000,
0.000000,
0.000000,
0.000000,
-0.000000,
0.000000,
0.000000,
-0.000000,
0.000000,
0.000000,
-0.000000,
-0.000000,
0.000000,
-0.000000,
0.000000,
0.000000,
0.000000,
0.000000,
0.000000,
0.000000,
0.000000,
0.000000,
0.000000,
0.000000,
-0.000000,
0.000000,
0.000000,
0.000000,
-0.000000,
0.000000,
0.000000,
0.000000,
0.000000,
0.000000,
0.000000,
-0.000000,
0.000000,
0.000000,
0.000000,
-0.000000,
-0.000000,
0.000000,
0.000000,
0.000000,
0.000000,
0.000000,
0.000000,
0.000000,
0.000000,
-0.000000,
0.000000,
0.000000,
-0.000000,
0.000000,
0.000000,
-0.000000,
0.000000,
0.000000,
-0.000000,
0.000000,
0.000000,
-0.000000,
0.000000,
-0.000000,
-0.000000,
0.000000,
0.000000,
-0.000000,
-0.000000,
0.000000,
0.000000,
0.000000,
0.000000,
-0.000000,
0.000000,
0.000000,
0.000000,
-0.000000,
0.000000,
0.000000,
0.000000,
0.000000,
0.000000,
0.000000,
0.000000,
0.000000,
0.000000,
0.000000,
-0.000000,
0.000000,
0.000000,
-0.000000,
-0.000000,
0.000000,
-0.000000,
-0.000000,
0.000000,
0.000000,
0.000000,
0.000000,
-0.000000,
-0.000000,
0.000000,
0.000000,
-0.000000,
0.000000,
0.000000,
0.000000,
0.000000,
0.000000,
-0.000000,
-0.000000,
0.000000,
0.000000,
-0.000000,
0.000000,
-0.000000,
0.000000,
0.000000,
0.000000,
0.000000,
0.000000,
0.000000,
-0.000000,
0.000000,
0.000000,
0.000000,
0.000000,
-0.000000,
-0.000000,
0.000000,
0.000000,
-0.000000,
0.000000,
-0.000000,
0.000000,
-0.000000,
0.000000,
-0.000000,
-0.000000,
0.000000,
0.000000,
0.000000,
0.000000,
-0.000000,
-0.000000,
0.000000,
0.000000,
0.000000,
0.000000,
0.000000,
0.000000,
-0.000000,
0.000000,
-0.000000,
0.000000,
0.000000,
0.000000,
-0.000000,
0.000000,
-0.000000,
0.000000,
0.000000,
-0.000000,
0.000000,
0.000000,
0.000000,
0.000000,
0.000000,
-0.000000,
0.000000,
0.000000,
-0.000000,
0.000000,
-0.000000,
0.000000,
-0.000000,
0.000000,
0.000000,
-0.000000,
0.000000,
0.000000,
0.000000,
-0.000000,
-0.000000,
0.000000,
0.000000,
-0.000000,
-0.000000,
-0.000000,
0.000000,
0.000000,
-0.000000,
-0.000000,
0.000000,
0.000000,
-0.000000,
0.000000,
0.000000,
0.000000,
0.000000,
-0.000000,
0.000000,
0.000000,
0.000000,
-0.000000,
0.000000,
0.000000,
0.000000,
-0.000000,
0.000000,
-0.000000,
-0.000000,
0.000000,
0.000000,
0.000000,
0.000000,
0.000000,
-0.000000,
-0.000000,
0.000000,
0.000000,
0.000000,
0.000000,
0.000000,
-0.000000,
-0.000000,
0.000000,
0.000000,
-0.000000,
0.000000,
0.000000,
0.000000,
-0.000000,
0.000000,
-0.000000,
0.000000,
-0.000000,
-0.000000,
0.000000,
0.000000,
-0.000000,
0.000000,
-0.000000,
0.000000,
0.000000,
0.000000,
-0.000000,
-0.000000,
0.000000,
0.000000,
-0.000000,
-0.000000,
0.000000,
0.000000,
0.000000,
-0.000000,
0.000000,
0.000000,
0.000000,
-0.000000,
-0.000000,
0.000000,
-0.000000,
-0.000000,
0.000000,
-0.000000,
-0.000000,
-0.000000,
0.000000,
-0.000000,
-0.000000,
0.000000,
-0.000000,
0.000000,
-0.000000,
-0.000000,
-0.000000,
0.000000,
0.000000,
-0.000000,
0.000000,
0.000000,
-0.000000,
0.000000,
-0.000000,
0.000000,
0.000000,
0.000000,
-0.000000,
-0.000000,
0.000000,
-0.000000,
0.000000,
0.000000,
0.000000,
-0.000000,
0.000000,
0.000000,
-0.000000,
0.000000,
0.000000,
0.000000,
-0.000000,
-0.000000,
0.000000,
-0.000000,
-0.000000,
0.000000,
0.000000,
0.000000,
-0.000000,
-0.000000,
0.000000,
0.000000,
-0.000000,
0.000000,
0.000000,
-0.000000,
0.000000,
-0.000000,
-0.000000,
0.000000,
0.000000,
-0.000000,
0.000000,
-0.000000,
-0.000000,
-0.000000,
0.000000,
-0.000000,
0.000000,
0.000000,
0.000000,
0.000000,
0.000000,
-0.000000,
-0.000000,
0.000000,
-0.000000,
0.000000,
-0.000000,
0.000000,
-0.000000,
0.000000,
-0.000000,
0.000000,
0.000000,
0.000000,
-0.000000,
0.000000,
0.000000,
-0.000000,
0.000000,
0.000000,
-0.000000,
0.000000,
0.000000,
0.000000,
0.000000,
0.000000,
