
0.000000,
-0.090905,
0.482287,
0.259485,
0.009402,
-0.125271,
-0.046816,
0.007872,
0.001762,
-0.010488,
-0.002305,
0.001791,
0.001101,
-0.000303,
-0.000064,
0.000143,
0.000059,
0.000116,
0.000120,
-0.000011,
-0.000066,
-0.000019,
0.000024,
0.000014,
0.000069,
0.000056,
0.000005,
0.000002,
-0.000026,
-0.000015,
0.000055,
0.000012,
0.000046,
-0.000007,
0.000007,
-0.000003,
-0.000007,
0.000002,
-0.000003,
-0.000010,
-0.000011,
-0.000004,
0.000003,
0.000001,
0.000005,
-0.000001,
-0.000004,
0.000001,
0.000001,
0.000001,
0.000004,
-0.000000,
-0.000001,
0.000001,
0.000004,
-0.000001,
-0.000002,
0.000000,
-0.000003,
-0.000004,
0.000003,
-0.000007,
0.000000,
0.000001,
0.000003,
0.000002,
0.000000,
-0.000001,
0.000000,
0.000001,
0.000006,
-0.000008,
-0.000016,
0.000013,
0.000017,
0.000013,
0.000001,
0.000000,
-0.000002,
-0.000001,
-0.000004,
0.000007,
0.000016,
0.000021,
-0.000008,
-0.000013,
0.000003,
0.000006,
-0.000001,
0.000001,
0.000002,
0.000000,
0.000001,
-0.000001,
0.000001,
-0.000000,
-0.000000,
-0.000004,
0.000002,
-0.000000,
0.000001,
0.000002,
-0.000001,
-0.000005,
0.000004,
0.000014,
0.000005,
-0.000006,
-0.000007,
-0.000001,
-0.000001,
0.000000,
0.000009,
0.000009,
0.000001,
-0.000006,
-0.000008,
0.000001,
0.000002,
-0.000001,
-0.000002,
-0.000000,
0.000001,
0.000001,
-0.000000,
-0.000000,
0.000002,
-0.000002,
-0.000000,
-0.000001,
0.000000,
0.000000,
-0.000001,
-0.000001,
-0.000000,
0.000000,
0.000001,
-0.000000,
-0.000000,
-0.000001,
-0.000000,
0.000000,
0.000000,
0.000000,
0.000001,
0.000001,
-0.000002,
-0.000003,
-0.000001,
0.000002,
-0.000001,
-0.000007,
-0.000002,
0.000002,
0.000004,
0.000000,
0.000001,
0.000001,
-0.000002,
-0.000006,
-0.000002,
0.000003,
0.000006,
0.000001,
0.000000,
0.000000,
0.000002,
-0.000001,
-0.000001,
-0.000001,
0.000001,
-0.000000,
0.000000,
-0.000001,
-0.000000,
0.000003,
0.000008,
0.000001,
-0.000010,
-0.000006,
0.000015,
-0.000026,
-0.000075,
-0.000010,
0.000050,
0.000082,
0.000023,
-0.000004,
-0.000000,
-0.000002,
-0.000045,
-0.000002,
0.000041,
0.000093,
-0.000009,
-0.000034,
0.000008,
0.000020,
-0.000001,
-0.000006,
-0.000001,
0.000000,
-0.000002,
-0.000004,
-0.000003,
-0.000003,
-0.000002,
-0.000003,
-0.000002,
-0.000002,
-0.000002,
-0.000001,
-0.000001,
-0.000001,
-0.000001,
-0.000000,
-0.000000,
-0.000000,
-0.000000,
-0.000000,
-0.000000,
-0.000000,
-0.000000,
-0.000000,
-0.000000,
-0.000000,
-0.000000,
-0.000000,
-0.000000,
-0.000000,
-0.000000,
-0.000000,
-0.000000,
-0.000000,
-0.000000,
-0.000000,
-0.000000,
-0.000000,
-0.000000,
-0.000000,
-0.000000,
-0.000000,
-0.000000,
-0.000000,
-0.000000,
-0.000000,
-0.000000,
-0.000000,
-0.000000,
-0.000000,
-0.000000,
-0.000000,
-0.000000,
-0.000000,
-0.000000,
-0.000000,
-0.000000,
-0.000000,
-0.000000,
-0.000000,
-0.000000,
-0.000000,
-0.000000,
-0.000000,
-0.000000,
-0.000000,
-0.000000,
-0.000000,
-0.000000,
-0.000000,
-0.000000,
-0.000000,
-0.000000,
-0.000000,
-0.000000,
-0.000000,
-0.000000,
-0.000000,
-0.000000,
-0.000000,
-0.000000,
-0.000000,
-0.000000,
-0.000000,
-0.000000,
-0.000000,
-0.000000,
-0.000000,
-0.000000,
-0.000000,
-0.000000,
-0.000000,
-0.000000,
-0.000000,
-0.000000,
-0.000000,
-0.000000,
-0.000000,
-0.000000,
-0.000000,
-0.000000,
-0.000000,
-0.000000,
-0.000000,
-0.000000,
-0.000000,
-0.000000,
-0.000000,
-0.000000,
-0.000000,
-0.000000,
-0.000000,
-0.000000,
-0.000000,
-0.000000,
-0.000000,
-0.000000,
-0.000000,
-0.000000,
-0.000000,
-0.000000,
-0.000000,
-0.000000,
-0.000000,
-0.000000,
-0.000000,
-0.000000,
-0.000000,
-0.000000,
-0.000000,
-0.000000,
-0.000000,
-0.000000,
-0.000000,
-0.000000,
-0.000000,
-0.000000,
-0.000000,
-0.000000,
-0.000000,
-0.000000,
-0.000000,
-0.000000,
-0.000000,
-0.000000,
-0.000000,
-0.000000,
-0.000000,
-0.000000,
-0.000000,
-0.000000,
-0.000000,
-0.000000,
-0.000000,
-0.000000,
-0.000000,
-0.000000,
-0.000000,
-0.000000,
-0.000000,
-0.000000,
-0.000000,
-0.000000,
-0.000000,
-0.000000,
-0.000000,
-0.000000,
-0.000000,
-0.000000,
-0.000000,
-0.000000,
-0.000000,
-0.000000,
-0.000000,
-0.000000,
-0.000000,
-0.000000,
-0.000000,
-0.000000,
-0.000000,
-0.000000,
-0.000000,
-0.000000,
-0.000000,
-0.000000,
-0.000000,
-0.000000,
-0.000000,
-0.000000,
-0.000000,
-0.000000,
-0.000000,
-0.000000,
-0.000000,
-0.000000,
-0.000000,
-0.000000,
-0.000000,
-0.000000,
-0.000000,
-0.000000,
-0.000000,
-0.000000,
-0.000000,
-0.000000,
-0.000000,
-0.000000,
-0.000000,
-0.000000,
-0.000000,
-0.000000,
-0.000000,
-0.000000,
-0.000000,
-0.000000,
-0.000000,
-0.000000,
-0.000000,
-0.000000,
-0.000000,
-0.000000,
-0.000000,
-0.000000,
-0.000000,
-0.000000,
-0.000000,
-0.000000,
-0.000000,
-0.000000,
-0.000000,
-0.000000,
-0.000000,
-0.000000,
-0.000000,
-0.000000,
-0.000000,
-0.000000,
-0.000000,
-0.000000,
-0.000000,
-0.000000,
-0.000000,
-0.000000,
-0.000000,
-0.000000,
-0.000000,
-0.000000,
-0.000000,
-0.000000,
0.000000,
-0.000000,
-0.000000,
-0.000000,
0.000000,
-0.000000,
0.000000,
-0.000000,
-0.000000,
-0.000000,
-0.000000,
-0.000000,
0.000000,
-0.000000,
-0.000000,
-0.000000,
-0.000000,
0.000000,
-0.000000,
-0.000000,
-0.000000,
-0.000000,
-0.000000,
-0.000000,
-0.000000,
-0.000000,
-0.000000,
-0.000000,
0.000000,
-0.000000,
-0.000000,
-0.000000,
-0.000000,
-0.000000,
-0.000000,
-0.000000,
-0.000000,
-0.000000,
-0.000000,
-0.000000,
0.000000,
-0.000000,
-0.000000,
-0.000000,
-0.000000,
-0.000000,
-0.000000,
-0.000000,
-0.000000,
-0.000000,
-0.000000,
-0.000000,
-0.000000,
-0.000000,
-0.000000,
-0.000000,
-0.000000,
-0.000000,
-0.000000,
-0.000000,
0.000000,
-0.000000,
-0.000000,
-0.000000,
-0.000000,
-0.000000,
-0.000000,
-0.000000,
0.000000,
-0.000000,
-0.000000,
-0.000000,
-0.000000,
-0.000000,
-0.000000,
-0.000000,
-0.000000,
-0.000000,
-0.000000,
-0.000000,
-0.000000,
-0.000000,
-0.000000,
-0.000000,
-0.000000,
-0.000000,
-0.000000,
-0.000000,
-0.000000,
-0.000000,
-0.000000,
-0.000000,
-0.000000,
-0.000000,
-0.000000,
-0.000000,
-0.000000,
-0.000000,
-0.000000,
-0.000000,
0.000000,
-0.000000,
-0.000000,
-0.000000,
-0.000000,
-0.000000,
-0.000000,
-0.000000,
-0.000000,
-0.000000,
-0.000000,
-0.000000,
-0.000000,
-0.000000,
-0.000000,
-0.000000,
-0.000000,
-0.000000,
-0.000000,
-0.000000,
0.000000,
-0.000000,
-0.000000,
-0.000000,
-0.000000,
-0.000000,
-0.000000,
-0.000000,
0.000000,
-0.000000,
-0.000000,
-0.000000,
-0.000000,
-0.000000,
-0.000000,
-0.000000,
0.000000,
-0.000000,
-0.000000,
-0.000000,
-0.000000,
-0.000000,
-0.000000,
-0.000000,
-0.000000,
-0.000000,
-0.000000,
-0.000000,
0.000000,
-0.000000,
-0.000000,
-0.000000,
-0.000000,
-0.000000,
-0.000000,
-0.000000,
-0.000000,
-0.000000,
-0.000000,
-0.000000,
0.000000,
-0.000000,
-0.000000,
-0.000000,
0.000000,
-0.000000,
-0.000000,
-0.000000,
-0.000000,
-0.000000,
-0.000000,
-0.000000,
-0.000000,
-0.000000,
-0.000000,
-0.000000,
-0.000000,
-0.000000,
-0.000000,
-0.000000,
-0.000000,
-0.000000,
-0.000000,
-0.000000,
-0.000000,
-0.000000,
-0.000000,
-0.000000,
-0.000000,
-0.000000,
-0.000000,
-0.000000,
-0.000000,
0.000000,
-0.000000,
-0.000000,
-0.000000,
-0.000000,
-0.000000,
-0.000000,
-0.000000,
-0.000000,
-0.000000,
-0.000000,
-0.000000,
-0.000000,
-0.000000,
-0.000000,
-0.000000,
-0.000000,
-0.000000,
-0.000000,
-0.000000,
-0.000000,
-0.000000,
-0.000000,
0.000000,
-0.000000,
-0.000000,
-0.000000,
-0.000000,
-0.000000,
-0.000000,
-0.000000,
-0.000000,
-0.000000,
-0.000000,
-0.000000,
-0.000000,
-0.000000,
-0.000000,
-0.000000,
0.000000,
-0.000000,
-0.000000,
-0.000000,
-0.000000,
-0.000000,
-0.000000,
-0.000000,
-0.000000,
-0.000000,
-0.000000,
-0.000000,
-0.000000,
-0.000000,
-0.000000,
-0.000000,
-0.000000,
-0.000000,
-0.000000,
0.000000,
-0.000000,
0.000000,
-0.000000,
-0.000000,
-0.000000,
-0.000000,
-0.000000,
0.000000,
-0.000000,
-0.000000,
-0.000000,
-0.000000,
0.000000,
-0.000000,
-0.000000,
-0.000000,
-0.000000,
-0.000000,
-0.000000,
-0.000000,
0.000000,
-0.000000,
-0.000000,
-0.000000,
-0.000000,
-0.000000,
-0.000000,
-0.000000,
0.000000,
-0.000000,
-0.000000,
-0.000000,
0.000000,
-0.000000,
-0.000000,
0.000000,
-0.000000,
0.000000,
-0.000000,
-0.000000,
-0.000000,
-0.000000,
-0.000000,
-0.000000,
0.000000,
-0.000000,
-0.000000,
-0.000000,
-0.000000,
0.000000,
-0.000000,
-0.000000,
0.000000,
-0.000000,
-0.000000,
-0.000000,
-0.000000,
-0.000000,
-0.000000,
-0.000000,
0.000000,
-0.000000,
-0.000000,
0.000000,
0.000000,
-0.000000,
-0.000000,
-0.000000,
0.000000,
-0.000000,
-0.000000,
0.000000,
0.000000,
-0.000000,
-0.000000,
-0.000000,
-0.000000,
-0.000000,
-0.000000,
-0.000000,
0.000000,
-0.000000,
-0.000000,
-0.000000,
-0.000000,
-0.000000,
-0.000000,
-0.000000,
0.000000,
-0.000000,
-0.000000,
-0.000000,
0.000000,
0.000000,
-0.000000,
0.000000,
-0.000000,
0.000000,
-0.000000,
-0.000000,
-0.000000,
-0.000000,
-0.000000,
-0.000000,
-0.000000,
-0.000000,
-0.000000,
-0.000000,
-0.000000,
-0.000000,
-0.000000,
0.000000,
0.000000,
-0.000000,
-0.000000,
0.000000,
0.000000,
-0.000000,
-0.000000,
-0.000000,
-0.000000,
-0.000000,
-0.000000,
0.000000,
0.000000,
0.000000,
-0.000000,
-0.000000,
0.000000,
0.000000,
-0.000000,
-0.000000,
-0.000000,
0.000000,
-0.000000,
-0.000000,
-0.000000,
-0.000000,
-0.000000,
-0.000000,
-0.000000,
-0.000000,
-0.000000,
-0.000000,
-0.000000,
-0.000000,
-0.000000,
0.000000,
0.000000,
0.000000,
0.000000,
-0.000000,
-0.000000,
-0.000000,
-0.000000,
-0.000000,
-0.000000,
-0.000000,
-0.000000,
0.000000,
0.000000,
-0.000000,
-0.000000,
-0.000000,
-0.000000,
-0.000000,
-0.000000,
-0.000000,
-0.000000,
-0.000000,
-0.000000,
0.000000,
0.000000,
0.000000,
0.000000,
0.000000,
-0.000000,
-0.000000,
-0.000000,
-0.000000,
-0.000000,
-0.000000,
-0.000000,
0.000000,
0.000000,
0.000000,
0.000000,
-0.000000,
0.000000,
-0.000000,
-0.000000,
-0.000000,
-0.000000,
0.000000,
-0.000000,
-0.000000,
0.000000,
0.000000,
-0.000000,
-0.000000,
-0.000000,
-0.000000,
-0.000000,
-0.000000,
-0.000000,
-0.000000,
0.000000,
-0.000000,
0.000000,
-0.000000,
-0.000000,
0.000000,
0.000000,
-0.000000,
0.000000,
0.000000,
-0.000000,
-0.000000,
-0.000000,
0.000000,
0.000000,
-0.000000,
0.000000,
-0.000000,
0.000000,
0.000000,
-0.000000,
-0.000000,
-0.000000,
0.000000,
-0.000000,
-0.000000,
0.000000,
0.000000,
-0.000000,
-0.000000,
0.000000,
-0.000000,
-0.000000,
0.000000,
-0.000000,
-0.000000,
-0.000000,
-0.000000,
-0.000000,
0.000000,
0.000000,
0.000000,
0.000000,
0.000000,
-0.000000,
-0.000000,
0.000000,
-0.000000,
-0.000000,
-0.000000,
0.000000,
-0.000000,
-0.000000,
-0.000000,
-0.000000,
-0.000000,
-0.000000,
-0.000000,
-0.000000,
-0.000000,
-0.000000,
-0.000000,
-0.000000,
-0.000000,
-0.000000,
-0.000000,
-0.000000,
-0.000000,
0.000000,
-0.000000,
0.000000,
0.000000,
-0.000000,
-0.000000,
-0.000000,
0.000000,
-0.000000,
-0.000000,
0.000000,
-0.000000,
-0.000000,
-0.000000,
-0.000000,
-0.000000,
-0.000000,
0.000000,
0.000000,
-0.000000,
-0.000000,
0.000000,
0.000000,
-0.000000,
-0.000000,
-0.000000,
-0.000000,
-0.000000,
-0.000000,
0.000000,
0.000000,
-0.000000,
-0.000000,
0.000000,
-0.000000,
-0.000000,
-0.000000,
0.000000,
0.000000,
-0.000000,
-0.000000,
-0.000000,
-0.000000,
0.000000,
-0.000000,
-0.000000,
0.000000,
-0.000000,
-0.000000,
-0.000000,
0.000000,
-0.000000,
-0.000000,
-0.000000,
0.000000,
-0.000000,
-0.000000,
-0.000000,
0.000000,
-0.000000,
-0.000000,
-0.000000,
-0.000000,
-0.000000,
-0.000000,
0.000000,
0.000000,
-0.000000,
-0.000000,
-0.000000,
-0.000000,
-0.000000,
-0.000000,
-0.000000,
-0.000000,
-0.000000,
-0.000000,
-0.000000,
-0.000000,
0.000000,
-0.000000,
-0.000000,
0.000000,
-0.000000,
0.000000,
0.000000,
0.000000,
-0.000000,
-0.000000,
-0.000000,
-0.000000,
-0.000000,
0.000000,
0.000000,
0.000000,
0.000000,
-0.000000,
0.000000,
0.000000,
-0.000000,
-0.000000,
0.000000,
0.000000,
-0.000000,
0.000000,
0.000000,
-0.000000,
-0.000000,
-0.000000,
-0.000000,
0.000000,
-0.000000,
0.000000,
-0.000000,
-0.000000,
-0.000000,
-0.000000,
0.000000,
-0.000000,
-0.000000,
-0.000000,
0.000000,
0.000000,
0.000000,
-0.000000,
-0.000000,
-0.000000,
-0.000000,
-0.000000,
-0.000000,
-0.000000,
0.000000,
-0.000000,
0.000000,
0.000000,
0.000000,
-0.000000,
-0.000000,
0.000000,
-0.000000,
-0.000000,
0.000000,
-0.000000,
-0.000000,
-0.000000,
-0.000000,
-0.000000,
-0.000000,
-0.000000,
0.000000,
-0.000000,
0.000000,
-0.000000,
-0.000000,
0.000000,
0.000000,
-0.000000,
-0.000000,
-0.000000,
-0.000000,
-0.000000,
-0.000000,
-0.000000,
-0.000000,
-0.000000,
-0.000000,
-0.000000,
0.000000,
-0.000000,
-0.000000,
0.000000,
-0.000000,
-0.000000,
0.000000,
-0.000000,
-0.000000,
-0.000000,
0.000000,
0.000000,
0.000000,
-0.000000,
-0.000000,
-0.000000,
-0.000000,
-0.000000,
0.000000,
0.000000,
-0.000000,
-0.000000,
-0.000000,
0.000000,
0.000000,
-0.000000,
0.000000,
0.000000,
-0.000000,
-0.000000,
0.000000,
0.000000,
-0.000000,
-0.000000,
0.000000,
0.000000,
-0.000000,
-0.000000,
0.000000,
0.000000,
-0.000000,
-0.000000,
-0.000000,
0.000000,
0.000000,
0.000000,
0.000000,
-0.000000,
-0.000000,
-0.000000,
-0.000000,
0.000000,
0.000000,
-0.000000,
-0.000000,
-0.000000,
-0.000000,
-0.000000,
0.000000,
0.000000,
-0.000000,
-0.000000,
-0.000000,
0.000000,
0.000000,
-0.000000,
0.000000,
0.000000,
-0.000000,
-0.000000,
-0.000000,
-0.000000,
0.000000,
-0.000000,
-0.000000,
0.000000,
-0.000000,
0.000000,
0.000000,
0.000000,
-0.000000,
-0.000000,
-0.000000,
0.000000,
-0.000000,
-0.000000,
0.000000,
0.000000,
-0.000000,
-0.000000,
-0.000000,
-0.000000,
-0.000000,
-0.000000,
0.000000,
-0.000000,
-0.000000,
-0.000000,
-0.000000,
0.000000,
0.000000,
0.000000,
0.000000,
0.000000,
0.000000,
-0.000000,
-0.000000,
-0.000000,
0.000000,
0.000000,
-0.000000,
0.000000,
-0.000000,
-0.000000,
0.000000,
-0.000000,
-0.000000,
-0.000000,
-0.000000,
-0.000000,
-0.000000,
-0.000000,
0.000000,
0.000000,
-0.000000,
0.000000,
0.000000,
-0.000000,
-0.000000,
-0.000000,
-0.000000,
-0.000000,
0.000000,
-0.000000,
-0.000000,
0.000000,
-0.000000,
0.000000,
0.000000,
-0.000000,
-0.000000,
-0.000000,
-0.000000,
-0.000000,
-0.000000,
-0.000000,
-0.000000,
0.000000,
0.000000,
0.000000,
0.000000,
0.000000,
0.000000,
-0.000000,
-0.000000,
-0.000000,
0.000000,
-0.000000,
-0.000000,
0.000000,
0.000000,
0.000000,
0.000000,
-0.000000,
-0.000000,
-0.000000,
-0.000000,
-0.000000,
0.000000,
0.000000,
0.000000,
0.000000,
-0.000000,
-0.000000,
-0.000000,
0.000000,
-0.000000,
-0.000000,
0.000000,
0.000000,
0.000000,
-0.000000,
-0.000000,
-0.000000,
-0.000000,
-0.000000,
-0.000000,
0.000000,
0.000000,
-0.000000,
0.000000,
-0.000000,
-0.000000,
0.000000,
-0.000000,
-0.000000,
-0.000000,
-0.000000,
-0.000000,
0.000000,
0.000000,
-0.000000,
-0.000000,
-0.000000,
-0.000000,
-0.000000,
-0.000000,
-0.000000,
-0.000000,
-0.000000,
-0.000000,
0.000000,
-0.000000,
-0.000000,
-0.000000,
-0.000000,
0.000000,
-0.000000,
-0.000000,
0.000000,
0.000000,
0.000000,
-0.000000,
-0.000000,
0.000000,
0.000000,
-0.000000,
0.000000,
0.000000,
-0.000000,
-0.000000,
-0.000000,
0.000000,
0.000000,
-0.000000,
0.000000,
-0.000000,
0.000000,
0.000000,
-0.000000,
-0.000000,
-0.000000,
0.000000,
0.000000,
0.000000,
0.000000,
-0.000000,
0.000000,
0.000000,
-0.000000,
-0.000000,
0.000000,
-0.000000,
0.000000,
0.000000,
0.000000,
0.000000,
-0.000000,
0.000000,
0.000000,
-0.000000,
0.000000,
-0.000000,
-0.000000,
0.000000,
-0.000000,
0.000000,
0.000000,
0.000000,
-0.000000,
-0.000000,
-0.000000,
0.000000,
-0.000000,
0.000000,
0.000000,
0.000000,
-0.000000,
-0.000000,
0.000000,
0.000000,
-0.000000,
0.000000,
0.000000,
-0.000000,
-0.000000,
-0.000000,
0.000000,
-0.000000,
-0.000000,
0.000000,
-0.000000,
-0.000000,
-0.000000,
0.000000,
0.000000,
0.000000,
-0.000000,
-0.000000,
0.000000,
0.000000,
-0.000000,
-0.000000,
-0.000000,
-0.000000,
0.000000,
0.000000,
0.000000,
-0.000000,
-0.000000,
-0.000000,
0.000000,
-0.000000,
-0.000000,
-0.000000,
0.000000,
0.000000,
-0.000000,
0.000000,
0.000000,
0.000000,
-0.000000,
0.000000,
-0.000000,
-0.000000,
-0.000000,
-0.000000,
0.000000,
-0.000000,
-0.000000,
0.000000,
0.000000,
-0.000000,
-0.000000,
-0.000000,
-0.000000,
-0.000000,
-0.000000,
-0.000000,
0.000000,
0.000000,
-0.000000,
-0.000000,
-0.000000,
0.000000,
-0.000000,
-0.000000,
0.000000,
-0.000000,
-0.000000,
0.000000,
0.000000,
0.000000,
0.000000,
0.000000,
-0.000000,
0.000000,
-0.000000,
0.000000,
-0.000000,
0.000000,
-0.000000,
-0.000000,
0.000000,
0.000000,
-0.000000,
-0.000000,
-0.000000,
-0.000000,
-0.000000,
0.000000,
0.000000,
0.000000,
-0.000000,
-0.000000,
0.000000,
0.000000,
-0.000000,
-0.000000,
0.000000,
-0.000000,
-0.000000,
-0.000000,
0.000000,
0.000000,
-0.000000,
-0.000000,
-0.000000,
0.000000,
-0.000000,
0.000000,
-0.000000,
0.000000,
0.000000,
-0.000000,
0.000000,
0.000000,
0.000000,
0.000000,
0.000000,
0.000000,
-0.000000,
-0.000000,
-0.000000,
-0.000000,
-0.000000,
0.000000,
0.000000,
0.000000,
-0.000000,
-0.000000,
-0.000000,
0.000000,
-0.000000,
-0.000000,
0.000000,
-0.000000,
-0.000000,
0.000000,
-0.000000,
0.000000,
-0.000000,
-0.000000,
-0.000000,
0.000000,
0.000000,
0.000000,
0.000000,
0.000000,
0.000000,
-0.000000,
0.000000,
-0.000000,
-0.000000,
0.000000,
0.000000,
-0.000000,
0.000000,
0.000000,
-0.000000,
-0.000000,
-0.000000,
-0.000000,
0.000000,
-0.000000,
0.000000,
0.000000,
0.000000,
-0.000000,
-0.000000,
-0.000000,
-0.000000,
0.000000,
-0.000000,
0.000000,
0.000000,
-0.000000,
0.000000,
-0.000000,
0.000000,
-0.000000,
-0.000000,
-0.000000,
-0.000000,
0.000000,
0.000000,
-0.000000,
0.000000,
-0.000000,
-0.000000,
-0.000000,
-0.000000,
0.000000,
0.000000,
-0.000000,
0.000000,
-0.000000,
-0.000000,
0.000000,
0.000000,
0.000000,
-0.000000,
-0.000000,
-0.000000,
0.000000,
0.000000,
-0.000000,
0.000000,
-0.000000,
-0.000000,
-0.000000,
-0.000000,
-0.000000,
0.000000,
0.000000,
-0.000000,
0.000000,
0.000000,
-0.000000,
-0.000000,
0.000000,
-0.000000,
0.000000,
-0.000000,
-0.000000,
-0.000000,
0.000000,
0.000000,
-0.000000,
-0.000000,
0.000000,
-0.000000,
-0.000000,
-0.000000,
0.000000,
0.000000,
-0.000000,
0.000000,
-0.000000,
-0.000000,
0.000000,
-0.000000,
0.000000,
0.000000,
0.000000,
0.000000,
-0.000000,
0.000000,
0.000000,
-0.000000,
0.000000,
0.000000,
-0.000000,
-0.000000,
-0.000000,
-0.000000,
-0.000000,
-0.000000,
0.000000,
0.000000,
0.000000,
-0.000000,
-0.000000,
-0.000000,
0.000000,
-0.000000,
-0.000000,
0.000000,
-0.000000,
-0.000000,
0.000000,
-0.000000,
-0.000000,
-0.000000,
-0.000000,
0.000000,
-0.000000,
-0.000000,
0.000000,
-0.000000,
0.000000,
-0.000000,
-0.000000,
0.000000,
-0.000000,
0.000000,
0.000000,
0.000000,
-0.000000,
-0.000000,
0.000000,
0.000000,
0.000000,
-0.000000,
0.000000,
0.000000,
-0.000000,
0.000000,
-0.000000,
-0.000000,
0.000000,
-0.000000,
0.000000,
-0.000000,
0.000000,
0.000000,
-0.000000,
0.000000,
0.000000,
-0.000000,
-0.000000,
-0.000000,
0.000000,
-0.000000,
0.000000,
-0.000000,
-0.000000,
-0.000000,
-0.000000,
-0.000000,
0.000000,
0.000000,
-0.000000,
0.000000,
0.000000,
-0.000000,
-0.000000,
-0.000000,
-0.000000,
-0.000000,
-0.000000,
0.000000,
-0.000000,
-0.000000,
0.000000,
-0.000000,
0.000000,
0.000000,
0.000000,
0.000000,
0.000000,
0.000000,
-0.000000,
-0.000000,
-0.000000,
-0.000000,
0.000000,
0.000000,
0.000000,
-0.000000,
-0.000000,
0.000000,
-0.000000,
-0.000000,
0.000000,
0.000000,
-0.000000,
-0.000000,
-0.000000,
0.000000,
-0.000000,
-0.000000,
-0.000000,
0.000000,
0.000000,
-0.000000,
0.000000,
-0.000000,
0.000000,
-0.000000,
-0.000000,
-0.000000,
-0.000000,
-0.000000,
-0.000000,
0.000000,
0.000000,
-0.000000,
-0.000000,
-0.000000,
0.000000,
-0.000000,
-0.000000,
0.000000,
0.000000,
-0.000000,
-0.000000,
-0.000000,
-0.000000,
-0.000000,
0.000000,
-0.000000,
-0.000000,
0.000000,
0.000000,
0.000000,
-0.000000,
-0.000000,
-0.000000,
0.000000,
-0.000000,
0.000000,
0.000000,
-0.000000,
0.000000,
-0.000000,
0.000000,
0.000000,
-0.000000,
-0.000000,
0.000000,
0.000000,
0.000000,
-0.000000,
0.000000,
0.000000,
0.000000,
0.000000,
-0.000000,
-0.000000,
0.000000,
0.000000,
0.000000,
0.000000,
-0.000000,
-0.000000,
-0.000000,
0.000000,
0.000000,
0.000000,
0.000000,
-0.000000,
-0.000000,
-0.000000,
0.000000,
0.000000,
0.000000,
-0.000000,
-0.000000,
-0.000000,
0.000000,
-0.000000,
0.000000,
-0.000000,
-0.000000,
-0.000000,
-0.000000,
0.000000,
0.000000,
-0.000000,
-0.000000,
-0.000000,
0.000000,
-0.000000,
-0.000000,
0.000000,
-0.000000,
-0.000000,
-0.000000,
0.000000,
-0.000000,
0.000000,
0.000000,
-0.000000,
0.000000,
-0.000000,
-0.000000,
0.000000,
-0.000000,
0.000000,
0.000000,
0.000000,
-0.000000,
-0.000000,
0.000000,
0.000000,
0.000000,
-0.000000,
0.000000,
0.000000,
-0.000000,
0.000000,
-0.000000,
0.000000,
-0.000000,
0.000000,
0.000000,
0.000000,
0.000000,
-0.000000,
-0.000000,
0.000000,
0.000000,
0.000000,
0.000000,
0.000000,
0.000000,
0.000000,
0.000000,
0.000000,
0.000000,
0.000000,
0.000000,
-0.000000,
-0.000000,
0.000000,
-0.000000,
0.000000,
-0.000000,
-0.000000,
-0.000000,
-0.000000,
0.000000,
0.000000,
-0.000000,
-0.000000,
0.000000,
-0.000000,
0.000000,
0.000000,
0.000000,
0.000000,
0.000000,
0.000000,
-0.000000,
-0.000000,
-0.000000,
0.000000,
0.000000,
-0.000000,
0.000000,
0.000000,
0.000000,
0.000000,
-0.000000,
0.000000,
-0.000000,
-0.000000,
-0.000000,
-0.000000,
-0.000000,
0.000000,
0.000000,
0.000000,
0.000000,
-0.000000,
-0.000000,
-0.000000,
0.000000,
0.000000,
0.000000,
0.000000,
-0.000000,
0.000000,
-0.000000,
0.000000,
-0.000000,
0.000000,
-0.000000,
0.000000,
0.000000,
-0.000000,
0.000000,
0.000000,
-0.000000,
-0.000000,
-0.000000,
0.000000,
-0.000000,
0.000000,
0.000000,
0.000000,
0.000000,
-0.000000,
-0.000000,
0.000000,
-0.000000,
-0.000000,
0.000000,
0.000000,
0.000000,
-0.000000,
-0.000000,
-0.000000,
-0.000000,
-0.000000,
0.000000,
0.000000,
-0.000000,
0.000000,
-0.000000,
0.000000,
-0.000000,
0.000000,
0.000000,
-0.000000,
0.000000,
-0.000000,
-0.000000,
0.000000,
0.000000,
0.000000,
0.000000,
0.000000,
-0.000000,
-0.000000,
0.000000,
-0.000000,
0.000000,
-0.000000,
0.000000,
0.000000,
0.000000,
-0.000000,
-0.000000,
-0.000000,
0.000000,
-0.000000,
0.000000,
0.000000,
-0.000000,
-0.000000,
-0.000000,
0.000000,
-0.000000,
-0.000000,
