
0.000000,
-0.000000,
-0.179748,
0.252497,
-0.212162,
0.069443,
-0.067304,
0.006291,
-0.063344,
0.007604,
-0.069661,
0.004429,
-0.019030,
0.000601,
-0.001895,
0.000841,
-0.009026,
0.001311,
-0.024059,
0.002217,
-0.019063,
0.002118,
-0.048490,
0.000659,
-0.007014,
0.000529,
-0.003632,
0.000157,
-0.000265,
0.000046,
-0.000325,
0.000503,
-0.002858,
0.000919,
-0.000522,
0.000382,
-0.001499,
0.000666,
-0.001448,
0.000540,
-0.000721,
0.000863,
-0.000699,
0.000183,
-0.000186,
0.000576,
-0.000087,
0.000079,
-0.000397,
0.000466,
-0.000188,
0.000093,
-0.000214,
0.000078,
-0.000182,
0.000103,
-0.000197,
0.000124,
-0.000035,
0.000173,
-0.000053,
0.000140,
-0.000139,
0.000021,
-0.000067,
0.000136,
-0.000084,
0.000078,
-0.000033,
0.000022,
-0.000065,
0.000057,
-0.000119,
0.000023,
-0.000061,
0.000069,
-0.000083,
0.000104,
-0.000055,
0.000109,
-0.000191,
0.000026,
-0.000081,
0.000038,
-0.000088,
0.000021,
-0.000050,
0.000043,
-0.000120,
0.000021,
-0.000058,
0.000078,
-0.000026,
0.000033,
-0.000030,
0.000057,
-0.000035,
0.000033,
-0.000042,
0.000027,
-0.000059,
0.000008,
-0.000049,
0.000045,
-0.000020,
0.000020,
-0.000028,
0.000037,
-0.000093,
0.000029,
-0.000042,
0.000031,
-0.000022,
0.000020,
-0.000047,
0.000035,
-0.000044,
0.000027,
-0.000030,
0.000007,
-0.000015,
0.000019,
-0.000030,
0.000008,
-0.000015,
0.000025,
-0.000011,
0.000006,
-0.000003,
0.000019,
-0.000013,
0.000019,
-0.000036,
0.000026,
-0.000022,
0.000018,
-0.000025,
0.000013,
-0.000014,
0.000013,
-0.000039,
0.000039,
-0.000099,
0.000079,
-0.000069,
0.000020,
-0.000051,
0.000017,
-0.000014,
0.000012,
-0.000020,
0.000011,
-0.000020,
0.000041,
-0.000028,
0.000033,
-0.000017,
0.000022,
-0.000018,
0.000007,
-0.000027,
0.000018,
-0.000019,
0.000015,
-0.000009,
0.000019,
-0.000018,
0.000026,
-0.000036,
0.000015,
-0.000007,
0.000004,
-0.000036,
0.000003,
-0.000038,
0.000020,
-0.000013,
0.000014,
-0.000016,
0.000004,
-0.000011,
0.000016,
-0.000030,
0.000034,
-0.000024,
0.000059,
-0.000115,
0.000069,
-0.000016,
0.000029,
-0.000007,
0.000006,
-0.000010,
0.000014,
-0.000005,
0.000014,
-0.000012,
0.000046,
-0.000010,
0.000006,
-0.000012,
0.000009,
-0.000006,
0.000024,
-0.000006,
0.000005,
-0.000008,
0.000010,
-0.000007,
0.000005,
-0.000003,
0.000007,
-0.000007,
0.000012,
-0.000005,
0.000005,
-0.000004,
0.000006,
-0.000010,
0.000007,
-0.000003,
0.000003,
-0.000009,
0.000007,
-0.000006,
0.000007,
-0.000003,
0.000005,
-0.000008,
0.000010,
-0.000006,
0.000007,
-0.000007,
0.000006,
-0.000006,
0.000006,
-0.000005,
0.000004,
-0.000004,
0.000004,
-0.000003,
0.000003,
-0.000003,
0.000003,
-0.000002,
0.000002,
-0.000002,
0.000002,
-0.000002,
0.000002,
-0.000002,
0.000002,
-0.000001,
0.000001,
-0.000001,
0.000001,
-0.000001,
0.000001,
-0.000001,
0.000001,
-0.000001,
0.000001,
-0.000001,
0.000001,
-0.000001,
0.000001,
-0.000001,
0.000001,
-0.000001,
0.000001,
-0.000001,
0.000001,
-0.000001,
0.000001,
-0.000001,
0.000001,
-0.000001,
0.000001,
-0.000001,
0.000001,
-0.000001,
0.000001,
-0.000001,
0.000001,
-0.000001,
0.000001,
-0.000001,
0.000001,
-0.000001,
0.000001,
-0.000001,
0.000001,
-0.000001,
0.000001,
-0.000001,
0.000001,
-0.000001,
0.000001,
-0.000001,
0.000001,
-0.000001,
0.000001,
-0.000001,
0.000001,
-0.000001,
0.000001,
-0.000001,
0.000001,
-0.000000,
0.000000,
-0.000000,
0.000000,
-0.000000,
0.000000,
-0.000000,
0.000000,
-0.000000,
0.000000,
-0.000000,
0.000000,
-0.000000,
0.000000,
-0.000000,
0.000000,
-0.000000,
0.000000,
-0.000000,
0.000000,
-0.000000,
0.000000,
-0.000000,
0.000000,
-0.000000,
0.000000,
-0.000000,
0.000000,
-0.000000,
0.000000,
-0.000000,
0.000000,
-0.000000,
0.000000,
-0.000000,
0.000000,
-0.000000,
0.000000,
-0.000000,
0.000000,
-0.000000,
0.000000,
-0.000000,
0.000000,
-0.000000,
0.000000,
-0.000000,
0.000000,
-0.000000,
0.000000,
-0.000000,
0.000000,
-0.000000,
0.000000,
-0.000000,
0.000000,
-0.000000,
0.000000,
-0.000000,
0.000000,
-0.000000,
0.000000,
-0.000000,
0.000000,
-0.000000,
0.000000,
-0.000000,
0.000000,
-0.000000,
0.000000,
-0.000000,
0.000000,
-0.000000,
0.000000,
-0.000000,
0.000000,
-0.000000,
0.000000,
-0.000000,
0.000000,
-0.000000,
0.000000,
-0.000000,
0.000000,
-0.000000,
0.000000,
-0.000000,
0.000000,
-0.000000,
0.000000,
-0.000000,
0.000000,
-0.000000,
0.000000,
-0.000000,
0.000000,
-0.000000,
0.000000,
-0.000000,
0.000000,
-0.000000,
0.000000,
-0.000000,
0.000000,
-0.000000,
0.000000,
-0.000000,
0.000000,
-0.000000,
0.000000,
-0.000000,
0.000000,
-0.000000,
0.000000,
-0.000000,
0.000000,
-0.000000,
0.000000,
-0.000000,
0.000000,
-0.000000,
0.000000,
-0.000000,
0.000000,
-0.000000,
0.000000,
-0.000000,
0.000000,
-0.000000,
0.000000,
-0.000000,
0.000000,
-0.000000,
0.000000,
-0.000000,
0.000000,
-0.000000,
0.000000,
-0.000000,
0.000000,
-0.000000,
0.000000,
-0.000000,
0.000000,
-0.000000,
0.000000,
-0.000000,
0.000000,
-0.000000,
0.000000,
-0.000000,
0.000000,
-0.000000,
0.000000,
-0.000000,
0.000000,
-0.000000,
0.000000,
-0.000000,
0.000000,
-0.000000,
0.000000,
-0.000000,
0.000000,
-0.000000,
0.000000,
-0.000000,
0.000000,
-0.000000,
0.000000,
-0.000000,
0.000000,
-0.000000,
0.000000,
-0.000000,
0.000000,
-0.000000,
0.000000,
-0.000000,
0.000000,
-0.000000,
0.000000,
-0.000000,
0.000000,
-0.000000,
0.000000,
-0.000000,
0.000000,
-0.000000,
0.000000,
-0.000000,
0.000000,
-0.000000,
0.000000,
-0.000000,
0.000000,
-0.000000,
0.000000,
-0.000000,
0.000000,
-0.000000,
0.000000,
-0.000000,
0.000000,
-0.000000,
0.000000,
-0.000000,
0.000000,
-0.000000,
0.000000,
-0.000000,
0.000000,
-0.000000,
0.000000,
-0.000000,
0.000000,
-0.000000,
0.000000,
-0.000000,
0.000000,
-0.000000,
0.000000,
-0.000000,
0.000000,
-0.000000,
0.000000,
-0.000000,
0.000000,
-0.000000,
0.000000,
-0.000000,
0.000000,
-0.000000,
0.000000,
-0.000000,
0.000000,
-0.000000,
0.000000,
-0.000000,
0.000000,
-0.000000,
0.000000,
-0.000000,
0.000000,
-0.000000,
0.000000,
-0.000000,
0.000000,
-0.000000,
0.000000,
-0.000000,
0.000000,
-0.000000,
0.000000,
-0.000000,
0.000000,
-0.000000,
0.000000,
-0.000000,
0.000000,
-0.000000,
0.000000,
-0.000000,
0.000000,
-0.000000,
0.000000,
-0.000000,
0.000000,
-0.000000,
0.000000,
-0.000000,
0.000000,
-0.000000,
0.000000,
-0.000000,
0.000000,
-0.000000,
0.000000,
-0.000000,
0.000000,
-0.000000,
0.000000,
-0.000000,
0.000000,
-0.000000,
0.000000,
-0.000000,
0.000000,
-0.000000,
0.000000,
-0.000000,
0.000000,
-0.000000,
0.000000,
-0.000000,
0.000000,
-0.000000,
0.000000,
-0.000000,
0.000000,
-0.000000,
0.000000,
-0.000000,
0.000000,
-0.000000,
0.000000,
-0.000000,
0.000000,
-0.000000,
0.000000,
-0.000000,
0.000000,
-0.000000,
0.000000,
-0.000000,
0.000000,
-0.000000,
0.000000,
-0.000000,
0.000000,
-0.000000,
0.000000,
-0.000000,
0.000000,
-0.000000,
0.000000,
-0.000000,
0.000000,
-0.000000,
0.000000,
-0.000000,
0.000000,
-0.000000,
0.000000,
-0.000000,
0.000000,
-0.000000,
0.000000,
-0.000000,
0.000000,
-0.000000,
0.000000,
-0.000000,
0.000000,
-0.000000,
0.000000,
-0.000000,
0.000000,
-0.000000,
0.000000,
-0.000000,
0.000000,
-0.000000,
0.000000,
-0.000000,
0.000000,
-0.000000,
0.000000,
-0.000000,
0.000000,
-0.000000,
0.000000,
-0.000000,
0.000000,
-0.000000,
0.000000,
-0.000000,
0.000000,
-0.000000,
0.000000,
-0.000000,
0.000000,
-0.000000,
0.000000,
-0.000000,
0.000000,
-0.000000,
0.000000,
-0.000000,
0.000000,
-0.000000,
0.000000,
-0.000000,
0.000000,
-0.000000,
0.000000,
-0.000000,
0.000000,
-0.000000,
0.000000,
-0.000000,
0.000000,
-0.000000,
0.000000,
-0.000000,
0.000000,
-0.000000,
0.000000,
-0.000000,
0.000000,
-0.000000,
0.000000,
-0.000000,
0.000000,
-0.000000,
0.000000,
-0.000000,
0.000000,
-0.000000,
0.000000,
-0.000000,
0.000000,
-0.000000,
0.000000,
-0.000000,
0.000000,
-0.000000,
0.000000,
-0.000000,
0.000000,
-0.000000,
0.000000,
-0.000000,
0.000000,
-0.000000,
0.000000,
-0.000000,
0.000000,
-0.000000,
0.000000,
-0.000000,
0.000000,
-0.000000,
0.000000,
-0.000000,
0.000000,
-0.000000,
0.000000,
-0.000000,
0.000000,
-0.000000,
0.000000,
-0.000000,
0.000000,
-0.000000,
0.000000,
-0.000000,
0.000000,
-0.000000,
0.000000,
-0.000000,
0.000000,
-0.000000,
0.000000,
-0.000000,
0.000000,
-0.000000,
0.000000,
-0.000000,
0.000000,
-0.000000,
0.000000,
-0.000000,
0.000000,
-0.000000,
0.000000,
-0.000000,
0.000000,
-0.000000,
0.000000,
-0.000000,
0.000000,
-0.000000,
0.000000,
-0.000000,
0.000000,
-0.000000,
0.000000,
-0.000000,
0.000000,
-0.000000,
0.000000,
-0.000000,
0.000000,
-0.000000,
0.000000,
-0.000000,
0.000000,
-0.000000,
0.000000,
-0.000000,
0.000000,
-0.000000,
0.000000,
-0.000000,
0.000000,
-0.000000,
0.000000,
-0.000000,
0.000000,
-0.000000,
0.000000,
-0.000000,
0.000000,
-0.000000,
0.000000,
-0.000000,
0.000000,
-0.000000,
0.000000,
-0.000000,
0.000000,
-0.000000,
0.000000,
-0.000000,
0.000000,
-0.000000,
0.000000,
-0.000000,
0.000000,
-0.000000,
0.000000,
-0.000000,
0.000000,
-0.000000,
0.000000,
-0.000000,
0.000000,
-0.000000,
0.000000,
-0.000000,
0.000000,
-0.000000,
0.000000,
-0.000000,
0.000000,
-0.000000,
0.000000,
-0.000000,
0.000000,
-0.000000,
0.000000,
-0.000000,
0.000000,
-0.000000,
0.000000,
-0.000000,
0.000000,
-0.000000,
0.000000,
-0.000000,
0.000000,
-0.000000,
0.000000,
-0.000000,
0.000000,
-0.000000,
0.000000,
-0.000000,
0.000000,
-0.000000,
0.000000,
-0.000000,
0.000000,
-0.000000,
0.000000,
-0.000000,
0.000000,
-0.000000,
0.000000,
-0.000000,
0.000000,
-0.000000,
0.000000,
-0.000000,
0.000000,
-0.000000,
0.000000,
-0.000000,
0.000000,
-0.000000,
0.000000,
-0.000000,
0.000000,
-0.000000,
0.000000,
-0.000000,
0.000000,
-0.000000,
0.000000,
-0.000000,
0.000000,
-0.000000,
0.000000,
-0.000000,
0.000000,
-0.000000,
0.000000,
-0.000000,
0.000000,
-0.000000,
0.000000,
-0.000000,
0.000000,
-0.000000,
0.000000,
-0.000000,
0.000000,
-0.000000,
0.000000,
-0.000000,
0.000000,
-0.000000,
0.000000,
-0.000000,
0.000000,
-0.000000,
0.000000,
-0.000000,
0.000000,
-0.000000,
0.000000,
-0.000000,
0.000000,
-0.000000,
0.000000,
-0.000000,
0.000000,
-0.000000,
0.000000,
-0.000000,
0.000000,
-0.000000,
0.000000,
-0.000000,
0.000000,
-0.000000,
0.000000,
-0.000000,
0.000000,
-0.000000,
0.000000,
-0.000000,
0.000000,
-0.000000,
0.000000,
-0.000000,
0.000000,
-0.000000,
0.000000,
-0.000000,
0.000000,
-0.000000,
0.000000,
-0.000000,
0.000000,
-0.000000,
0.000000,
-0.000000,
0.000000,
-0.000000,
0.000000,
-0.000000,
0.000000,
-0.000000,
0.000000,
-0.000000,
0.000000,
-0.000000,
0.000000,
-0.000000,
0.000000,
-0.000000,
0.000000,
-0.000000,
0.000000,
-0.000000,
0.000000,
-0.000000,
0.000000,
-0.000000,
0.000000,
-0.000000,
0.000000,
-0.000000,
0.000000,
-0.000000,
0.000000,
-0.000000,
0.000000,
-0.000000,
0.000000,
-0.000000,
0.000000,
-0.000000,
0.000000,
-0.000000,
0.000000,
-0.000000,
0.000000,
-0.000000,
0.000000,
-0.000000,
0.000000,
-0.000000,
0.000000,
-0.000000,
0.000000,
-0.000000,
0.000000,
-0.000000,
0.000000,
-0.000000,
0.000000,
-0.000000,
0.000000,
0.000000,
-0.000000,
0.000000,
-0.000000,
0.000000,
-0.000000,
0.000000,
-0.000000,
0.000000,
-0.000000,
0.000000,
-0.000000,
0.000000,
-0.000000,
0.000000,
-0.000000,
0.000000,
-0.000000,
0.000000,
-0.000000,
0.000000,
-0.000000,
0.000000,
-0.000000,
0.000000,
-0.000000,
0.000000,
-0.000000,
0.000000,
-0.000000,
0.000000,
-0.000000,
0.000000,
-0.000000,
0.000000,
-0.000000,
0.000000,
-0.000000,
0.000000,
-0.000000,
0.000000,
-0.000000,
0.000000,
-0.000000,
0.000000,
-0.000000,
0.000000,
-0.000000,
0.000000,
-0.000000,
0.000000,
-0.000000,
0.000000,
-0.000000,
0.000000,
-0.000000,
0.000000,
-0.000000,
0.000000,
-0.000000,
0.000000,
-0.000000,
0.000000,
-0.000000,
0.000000,
-0.000000,
0.000000,
-0.000000,
0.000000,
-0.000000,
0.000000,
-0.000000,
0.000000,
-0.000000,
0.000000,
-0.000000,
0.000000,
-0.000000,
0.000000,
-0.000000,
0.000000,
-0.000000,
0.000000,
-0.000000,
0.000000,
-0.000000,
0.000000,
-0.000000,
0.000000,
-0.000000,
0.000000,
-0.000000,
0.000000,
-0.000000,
0.000000,
-0.000000,
0.000000,
-0.000000,
0.000000,
-0.000000,
0.000000,
-0.000000,
0.000000,
-0.000000,
0.000000,
-0.000000,
0.000000,
-0.000000,
0.000000,
-0.000000,
0.000000,
-0.000000,
0.000000,
-0.000000,
0.000000,
-0.000000,
0.000000,
-0.000000,
0.000000,
-0.000000,
0.000000,
-0.000000,
0.000000,
-0.000000,
0.000000,
-0.000000,
0.000000,
-0.000000,
0.000000,
-0.000000,
0.000000,
-0.000000,
0.000000,
-0.000000,
0.000000,
-0.000000,
0.000000,
-0.000000,
0.000000,
-0.000000,
0.000000,
-0.000000,
0.000000,
-0.000000,
0.000000,
-0.000000,
0.000000,
-0.000000,
0.000000,
-0.000000,
0.000000,
-0.000000,
0.000000,
-0.000000,
0.000000,
-0.000000,
0.000000,
-0.000000,
0.000000,
-0.000000,
0.000000,
-0.000000,
0.000000,
-0.000000,
0.000000,
-0.000000,
0.000000,
-0.000000,
0.000000,
-0.000000,
0.000000,
-0.000000,
0.000000,
-0.000000,
0.000000,
-0.000000,
0.000000,
-0.000000,
0.000000,
-0.000000,
0.000000,
-0.000000,
0.000000,
-0.000000,
0.000000,
-0.000000,
0.000000,
-0.000000,
0.000000,
-0.000000,
0.000000,
-0.000000,
0.000000,
-0.000000,
0.000000,
-0.000000,
0.000000,
-0.000000,
0.000000,
-0.000000,
0.000000,
-0.000000,
0.000000,
-0.000000,
0.000000,
-0.000000,
0.000000,
-0.000000,
0.000000,
-0.000000,
0.000000,
-0.000000,
0.000000,
-0.000000,
0.000000,
-0.000000,
0.000000,
-0.000000,
0.000000,
-0.000000,
0.000000,
-0.000000,
0.000000,
-0.000000,
0.000000,
-0.000000,
0.000000,
-0.000000,
0.000000,
-0.000000,
0.000000,
-0.000000,
0.000000,
-0.000000,
0.000000,
-0.000000,
0.000000,
-0.000000,
0.000000,
-0.000000,
0.000000,
-0.000000,
0.000000,
-0.000000,
0.000000,
-0.000000,
0.000000,
-0.000000,
0.000000,
-0.000000,
0.000000,
-0.000000,
0.000000,
-0.000000,
0.000000,
-0.000000,
0.000000,
-0.000000,
0.000000,
-0.000000,
0.000000,
-0.000000,
0.000000,
-0.000000,
0.000000,
-0.000000,
0.000000,
-0.000000,
0.000000,
-0.000000,
0.000000,
-0.000000,
0.000000,
-0.000000,
0.000000,
-0.000000,
0.000000,
-0.000000,
0.000000,
-0.000000,
0.000000,
-0.000000,
0.000000,
-0.000000,
0.000000,
-0.000000,
0.000000,
-0.000000,
0.000000,
-0.000000,
0.000000,
-0.000000,
0.000000,
-0.000000,
0.000000,
-0.000000,
0.000000,
-0.000000,
0.000000,
-0.000000,
0.000000,
-0.000000,
0.000000,
-0.000000,
0.000000,
-0.000000,
0.000000,
-0.000000,
0.000000,
-0.000000,
0.000000,
-0.000000,
0.000000,
-0.000000,
0.000000,
-0.000000,
0.000000,
-0.000000,
0.000000,
-0.000000,
0.000000,
-0.000000,
0.000000,
-0.000000,
0.000000,
-0.000000,
0.000000,
-0.000000,
0.000000,
-0.000000,
0.000000,
-0.000000,
0.000000,
-0.000000,
0.000000,
-0.000000,
0.000000,
-0.000000,
0.000000,
-0.000000,
0.000000,
-0.000000,
0.000000,
-0.000000,
0.000000,
-0.000000,
0.000000,
-0.000000,
0.000000,
-0.000000,
0.000000,
-0.000000,
0.000000,
-0.000000,
0.000000,
-0.000000,
0.000000,
-0.000000,
0.000000,
-0.000000,
0.000000,
-0.000000,
0.000000,
-0.000000,
0.000000,
-0.000000,
0.000000,
-0.000000,
0.000000,
-0.000000,
0.000000,
-0.000000,
0.000000,
-0.000000,
0.000000,
-0.000000,
0.000000,
-0.000000,
0.000000,
-0.000000,
0.000000,
-0.000000,
0.000000,
-0.000000,
0.000000,
-0.000000,
0.000000,
-0.000000,
0.000000,
-0.000000,
0.000000,
-0.000000,
0.000000,
-0.000000,
0.000000,
-0.000000,
0.000000,
-0.000000,
0.000000,
-0.000000,
0.000000,
-0.000000,
0.000000,
-0.000000,
0.000000,
-0.000000,
0.000000,
-0.000000,
0.000000,
-0.000000,
0.000000,
-0.000000,
0.000000,
-0.000000,
0.000000,
-0.000000,
0.000000,
-0.000000,
0.000000,
-0.000000,
0.000000,
-0.000000,
0.000000,
-0.000000,
0.000000,
-0.000000,
0.000000,
-0.000000,
0.000000,
-0.000000,
0.000000,
-0.000000,
0.000000,
-0.000000,
0.000000,
-0.000000,
0.000000,
-0.000000,
0.000000,
-0.000000,
0.000000,
-0.000000,
0.000000,
-0.000000,
0.000000,
-0.000000,
0.000000,
-0.000000,
0.000000,
-0.000000,
0.000000,
-0.000000,
0.000000,
-0.000000,
0.000000,
-0.000000,
0.000000,
-0.000000,
0.000000,
-0.000000,
0.000000,
-0.000000,
0.000000,
-0.000000,
0.000000,
-0.000000,
0.000000,
-0.000000,
0.000000,
-0.000000,
0.000000,
-0.000000,
0.000000,
-0.000000,
0.000000,
-0.000000,
0.000000,
-0.000000,
0.000000,
-0.000000,
0.000000,
-0.000000,
0.000000,
-0.000000,
0.000000,
-0.000000,
0.000000,
-0.000000,
0.000000,
-0.000000,
0.000000,
-0.000000,
0.000000,
-0.000000,
0.000000,
-0.000000,
0.000000,
-0.000000,
0.000000,
-0.000000,
0.000000,
-0.000000,
0.000000,
-0.000000,
0.000000,
-0.000000,
0.000000,
-0.000000,
0.000000,
-0.000000,
0.000000,
-0.000000,
0.000000,
-0.000000,
0.000000,
-0.000000,
0.000000,
-0.000000,
0.000000,
-0.000000,
0.000000,
-0.000000,
0.000000,
-0.000000,
0.000000,
-0.000000,
0.000000,
-0.000000,
0.000000,
-0.000000,
0.000000,
-0.000000,
0.000000,
-0.000000,
0.000000,
-0.000000,
0.000000,
-0.000000,
0.000000,
-0.000000,
0.000000,
-0.000000,
0.000000,
-0.000000,
0.000000,
-0.000000,
0.000000,
-0.000000,
0.000000,
-0.000000,
0.000000,
-0.000000,
0.000000,
-0.000000,
0.000000,
-0.000000,
0.000000,
-0.000000,
0.000000,
-0.000000,
0.000000,
-0.000000,
0.000000,
-0.000000,
0.000000,
-0.000000,
0.000000,
-0.000000,
0.000000,
-0.000000,
0.000000,
-0.000000,
0.000000,
-0.000000,
0.000000,
-0.000000,
0.000000,
-0.000000,
0.000000,
-0.000000,
0.000000,
-0.000000,
0.000000,
-0.000000,
0.000000,
-0.000000,
0.000000,
-0.000000,
0.000000,
-0.000000,
0.000000,
-0.000000,
0.000000,
-0.000000,
0.000000,
-0.000000,
0.000000,
-0.000000,
0.000000,
-0.000000,
0.000000,
-0.000000,
0.000000,
-0.000000,
0.000000,
-0.000000,
0.000000,
-0.000000,
0.000000,
-0.000000,
0.000000,
-0.000000,
0.000000,
-0.000000,
0.000000,
-0.000000,
0.000000,
-0.000000,
0.000000,
-0.000000,
0.000000,
-0.000000,
0.000000,
-0.000000,
0.000000,
-0.000000,
0.000000,
-0.000000,
0.000000,
-0.000000,
0.000000,
-0.000000,
0.000000,
-0.000000,
0.000000,
-0.000000,
0.000000,
-0.000000,
0.000000,
-0.000000,
0.000000,
-0.000000,
0.000000,
-0.000000,
0.000000,
-0.000000,
0.000000,
-0.000000,
0.000000,
-0.000000,
0.000000,
-0.000000,
0.000000,
-0.000000,
0.000000,
-0.000000,
0.000000,
-0.000000,
0.000000,
-0.000000,
0.000000,
-0.000000,
0.000000,
-0.000000,
0.000000,
-0.000000,
0.000000,
-0.000000,
0.000000,
-0.000000,
0.000000,
-0.000000,
0.000000,
-0.000000,
0.000000,
-0.000000,
0.000000,
-0.000000,
0.000000,
-0.000000,
0.000000,
-0.000000,
0.000000,
-0.000000,
0.000000,
-0.000000,
0.000000,
-0.000000,
0.000000,
-0.000000,
0.000000,
-0.000000,
0.000000,
-0.000000,
0.000000,
-0.000000,
0.000000,
-0.000000,
0.000000,
-0.000000,
0.000000,
-0.000000,
0.000000,
-0.000000,
0.000000,
-0.000000,
0.000000,
-0.000000,
0.000000,
-0.000000,
0.000000,
-0.000000,
0.000000,
-0.000000,
0.000000,
-0.000000,
0.000000,
-0.000000,
0.000000,
-0.000000,
0.000000,
-0.000000,
0.000000,
-0.000000,
0.000000,
-0.000000,
0.000000,
-0.000000,
0.000000,
-0.000000,
0.000000,
-0.000000,
0.000000,
-0.000000,
0.000000,
-0.000000,
0.000000,
-0.000000,
0.000000,
-0.000000,
0.000000,
-0.000000,
0.000000,
-0.000000,
0.000000,
-0.000000,
0.000000,
-0.000000,
0.000000,
-0.000000,
-0.000000,
0.000000,
-0.000000,
0.000000,
-0.000000,
0.000000,
-0.000000,
0.000000,
-0.000000,
0.000000,
-0.000000,
0.000000,
-0.000000,
0.000000,
-0.000000,
0.000000,
-0.000000,
0.000000,
-0.000000,
0.000000,
-0.000000,
0.000000,
-0.000000,
0.000000,
-0.000000,
0.000000,
-0.000000,
0.000000,
-0.000000,
0.000000,
-0.000000,
0.000000,
-0.000000,
0.000000,
-0.000000,
0.000000,
-0.000000,
0.000000,
-0.000000,
0.000000,
-0.000000,
0.000000,
-0.000000,
0.000000,
-0.000000,
0.000000,
-0.000000,
0.000000,
-0.000000,
0.000000,
-0.000000,
0.000000,
-0.000000,
0.000000,
-0.000000,
0.000000,
-0.000000,
0.000000,
-0.000000,
0.000000,
-0.000000,
0.000000,
-0.000000,
0.000000,
-0.000000,
0.000000,
-0.000000,
0.000000,
-0.000000,
0.000000,
-0.000000,
0.000000,
-0.000000,
0.000000,
-0.000000,
0.000000,
-0.000000,
0.000000,
-0.000000,
0.000000,
-0.000000,
0.000000,
-0.000000,
0.000000,
-0.000000,
0.000000,
-0.000000,
0.000000,
-0.000000,
0.000000,
-0.000000,
0.000000,
-0.000000,
0.000000,
-0.000000,
0.000000,
-0.000000,
0.000000,
-0.000000,
0.000000,
-0.000000,
0.000000,
-0.000000,
0.000000,
-0.000000,
0.000000,
-0.000000,
0.000000,
-0.000000,
0.000000,
-0.000000,
0.000000,
-0.000000,
0.000000,
-0.000000,
0.000000,
-0.000000,
0.000000,
-0.000000,
0.000000,
-0.000000,
0.000000,
-0.000000,
0.000000,
-0.000000,
0.000000,
-0.000000,
0.000000,
-0.000000,
0.000000,
-0.000000,
0.000000,
-0.000000,
0.000000,
-0.000000,
0.000000,
-0.000000,
0.000000,
-0.000000,
0.000000,
-0.000000,
0.000000,
-0.000000,
0.000000,
-0.000000,
0.000000,
-0.000000,
0.000000,
-0.000000,
0.000000,
-0.000000,
0.000000,
-0.000000,
0.000000,
-0.000000,
0.000000,
-0.000000,
0.000000,
-0.000000,
0.000000,
-0.000000,
0.000000,
-0.000000,
0.000000,
-0.000000,
0.000000,
-0.000000,
0.000000,
-0.000000,
0.000000,
-0.000000,
0.000000,
-0.000000,
0.000000,
-0.000000,
0.000000,
-0.000000,
0.000000,
-0.000000,
0.000000,
-0.000000,
0.000000,
-0.000000,
0.000000,
-0.000000,
0.000000,
-0.000000,
0.000000,
-0.000000,
0.000000,
-0.000000,
0.000000,
-0.000000,
0.000000,
-0.000000,
0.000000,
-0.000000,
0.000000,
-0.000000,
0.000000,
-0.000000,
0.000000,
-0.000000,
0.000000,
-0.000000,
0.000000,
-0.000000,
0.000000,
-0.000000,
0.000000,
-0.000000,
0.000000,
-0.000000,
0.000000,
-0.000000,
0.000000,
-0.000000,
0.000000,
-0.000000,
0.000000,
-0.000000,
0.000000,
-0.000000,
0.000000,
-0.000000,
0.000000,
-0.000000,
0.000000,
-0.000000,
0.000000,
-0.000000,
0.000000,
-0.000000,
0.000000,
-0.000000,
0.000000,
-0.000000,
0.000000,
-0.000000,
0.000000,
-0.000000,
0.000000,
-0.000000,
0.000000,
-0.000000,
0.000000,
-0.000000,
0.000000,
-0.000000,
0.000000,
-0.000000,
0.000000,
-0.000000,
0.000000,
-0.000000,
0.000000,
-0.000000,
0.000000,
-0.000000,
0.000000,
-0.000000,
0.000000,
-0.000000,
0.000000,
-0.000000,
0.000000,
-0.000000,
0.000000,
-0.000000,
0.000000,
-0.000000,
0.000000,
-0.000000,
0.000000,
