
0.000000,
0.256157,
0.287502,
-0.339160,
-0.045240,
0.276038,
-0.076183,
-0.156578,
0.088660,
0.052823,
-0.043895,
-0.008253,
0.007385,
-0.000169,
0.006791,
-0.001930,
-0.004648,
0.001325,
-0.000465,
0.001447,
0.001490,
-0.002043,
-0.000279,
-0.000533,
0.000236,
0.002956,
-0.001489,
-0.003211,
0.001774,
0.002716,
-0.001572,
-0.001386,
0.000224,
0.000647,
0.000789,
-0.000461,
-0.001531,
-0.001118,
0.001330,
0.001274,
-0.000936,
-0.000203,
0.000985,
-0.000564,
0.000788,
0.001126,
-0.001179,
-0.001221,
0.001110,
0.001014,
-0.000723,
-0.000493,
0.000083,
0.000492,
0.000849,
-0.000563,
-0.000956,
0.000291,
0.000357,
-0.000922,
-0.000476,
-0.000995,
-0.000511,
-0.000877,
-0.000000,
-0.000845,
-0.000818,
-0.000578,
-0.000712,
-0.000626,
-0.000806,
-0.000853,
-0.000723,
-0.000469,
-0.000713,
-0.000000,
0.000661,
-0.000628,
0.000549,
0.000694,
-0.000349,
-0.000204,
0.000253,
-0.000653,
-0.000089,
-0.000332,
-0.000399,
-0.000661,
0.000365,
0.000107,
-0.000493,
-0.000358,
0.000333,
0.000400,
-0.000497,
0.000495,
0.000492,
-0.000141,
0.000345,
0.000153,
0.000452,
0.000359,
-0.000000,
0.000468,
-0.000085,
0.000114,
0.000452,
-0.000388,
-0.000306,
0.000392,
-0.000411,
-0.000444,
-0.000000,
-0.000099,
-0.000274,
0.000273,
-0.000198,
-0.000334,
-0.000280,
-0.000293,
-0.000106,
-0.000165,
-0.000252,
-0.000264,
-0.000197,
-0.000320,
-0.000064,
-0.000322,
-0.000324,
0.000063,
-0.000287,
-0.000256,
-0.000255,
-0.000301,
-0.000077,
-0.000114,
-0.000227,
-0.000080,
0.000178,
-0.000079,
-0.000112,
-0.000249,
0.000060,
-0.000000,
0.000246,
-0.000000,
-0.000000,
0.000172,
0.000243,
-0.000000,
-0.000000,
-0.000170,
0.000169,
0.000107,
-0.000168,
0.000237,
0.000106,
-0.000000,
-0.000166,
-0.000105,
-0.000046,
-0.000208,
-0.000145,
-0.000092,
-0.000144,
-0.000182,
-0.000192,
-0.000064,
-0.000143,
-0.000111,
-0.000179,
-0.000173,
0.000141,
0.000140,
-0.000193,
-0.000182,
0.000022,
-0.000139,
-0.000035,
-0.000185,
-0.000160,
-0.000000,
0.000194,
-0.000186,
-0.000183,
-0.000182,
-0.000153,
-0.000000,
-0.000135,
0.000065,
-0.000170,
-0.000179,
0.000189,
0.000181,
-0.000162,
-0.000128,
0.000068,
-0.000045,
-0.000000,
-0.000065,
-0.000084,
0.000027,
-0.000158,
-0.000145,
-0.000145,
-0.000161,
0.000142,
-0.000000,
-0.000135,
0.000055,
0.000037,
-0.000060,
-0.000019,
-0.000094,
-0.000141,
0.000128,
-0.000154,
-0.000157,
-0.000111,
-0.000104,
-0.000142,
-0.000110,
-0.000115,
-0.000095,
-0.000084,
-0.000073,
0.000028,
-0.000020,
-0.000048,
0.000027,
0.000043,
0.000068,
0.000082,
0.000081,
0.000100,
0.000119,
0.000125,
0.000127,
0.000134,
0.000137,
0.000144,
0.000141,
0.000141,
0.000145,
0.000145,
0.000143,
0.000143,
0.000143,
0.000142,
0.000139,
0.000130,
0.000130,
0.000130,
0.000130,
0.000129,
0.000129,
0.000129,
0.000129,
0.000121,
0.000121,
0.000121,
0.000120,
0.000120,
0.000120,
0.000120,
0.000120,
0.000119,
0.000119,
0.000119,
0.000119,
0.000118,
0.000118,
0.000118,
0.000118,
0.000118,
0.000117,
0.000117,
0.000117,
0.000130,
0.000130,
0.000130,
0.000130,
0.000130,
0.000129,
0.000129,
0.000129,
0.000129,
0.000128,
0.000128,
0.000128,
0.000128,
0.000128,
0.000127,
0.000127,
0.000127,
0.000127,
0.000126,
0.000126,
0.000126,
0.000126,
0.000126,
0.000125,
0.000125,
0.000125,
0.000125,
0.000125,
0.000124,
0.000124,
0.000124,
0.000124,
0.000124,
0.000123,
0.000123,
0.000123,
0.000123,
0.000123,
0.000122,
0.000122,
0.000122,
0.000122,
0.000122,
0.000121,
0.000121,
0.000121,
0.000121,
0.000121,
0.000121,
0.000120,
0.000120,
0.000120,
0.000120,
0.000120,
0.000119,
0.000099,
0.000099,
0.000099,
0.000099,
0.000099,
0.000098,
0.000098,
0.000098,
0.000098,
0.000098,
0.000098,
0.000098,
0.000097,
0.000097,
0.000097,
0.000097,
0.000097,
0.000097,
0.000097,
0.000096,
0.000096,
0.000096,
0.000096,
0.000096,
0.000096,
0.000096,
0.000096,
0.000095,
0.000095,
0.000095,
0.000095,
0.000095,
0.000095,
0.000095,
0.000094,
0.000094,
0.000094,
0.000094,
0.000094,
0.000094,
0.000094,
0.000094,
0.000093,
0.000093,
0.000093,
0.000093,
0.000093,
0.000093,
0.000093,
0.000093,
0.000093,
0.000092,
0.000092,
0.000092,
0.000092,
0.000092,
0.000092,
0.000092,
0.000092,
0.000091,
0.000091,
0.000091,
0.000091,
0.000091,
0.000091,
0.000091,
0.000091,
0.000091,
0.000090,
0.000090,
0.000090,
0.000090,
0.000090,
0.000090,
0.000090,
0.000090,
0.000090,
0.000089,
0.000089,
0.000089,
0.000089,
0.000089,
0.000089,
0.000089,
0.000089,
0.000089,
0.000088,
0.000088,
0.000088,
0.000088,
0.000088,
0.000088,
0.000088,
0.000088,
0.000088,
0.000088,
0.000087,
0.000087,
0.000087,
0.000087,
0.000087,
0.000087,
0.000087,
0.000087,
0.000087,
0.000087,
0.000086,
0.000086,
0.000086,
0.000086,
0.000086,
0.000086,
0.000086,
0.000086,
0.000086,
0.000086,
0.000085,
0.000085,
0.000085,
0.000085,
0.000085,
0.000085,
0.000085,
0.000085,
0.000085,
0.000085,
0.000085,
0.000084,
0.000084,
0.000070,
0.000070,
0.000070,
0.000070,
0.000070,
0.000070,
0.000070,
0.000070,
0.000069,
0.000069,
0.000069,
0.000069,
0.000069,
0.000069,
0.000069,
0.000069,
0.000069,
0.000069,
0.000069,
0.000069,
0.000069,
0.000069,
0.000068,
0.000068,
0.000068,
0.000068,
0.000068,
0.000068,
0.000068,
0.000068,
0.000068,
0.000068,
0.000068,
0.000068,
0.000068,
0.000068,
0.000068,
0.000067,
0.000067,
0.000067,
0.000067,
0.000067,
0.000067,
0.000067,
0.000067,
0.000067,
0.000067,
0.000067,
0.000067,
0.000067,
0.000067,
0.000067,
0.000066,
0.000066,
0.000066,
0.000066,
0.000066,
0.000066,
0.000066,
0.000066,
0.000066,
0.000066,
0.000066,
0.000066,
0.000066,
0.000066,
0.000066,
0.000066,
0.000065,
0.000065,
0.000065,
0.000065,
0.000065,
0.000065,
0.000065,
0.000065,
0.000065,
0.000065,
0.000065,
0.000065,
0.000065,
0.000065,
0.000065,
0.000065,
0.000064,
0.000064,
0.000064,
0.000064,
0.000064,
0.000064,
0.000064,
0.000064,
0.000064,
0.000064,
0.000064,
0.000064,
0.000064,
0.000064,
0.000064,
0.000064,
0.000064,
0.000064,
0.000063,
0.000063,
0.000063,
0.000063,
0.000063,
0.000063,
0.000063,
0.000063,
0.000063,
0.000063,
0.000063,
0.000063,
0.000063,
0.000063,
0.000063,
0.000063,
0.000063,
0.000063,
0.000062,
0.000062,
0.000062,
0.000062,
0.000062,
0.000062,
0.000062,
0.000062,
0.000062,
0.000062,
0.000062,
0.000062,
0.000062,
0.000062,
0.000062,
0.000062,
0.000062,
0.000062,
0.000062,
0.000061,
0.000061,
0.000061,
0.000061,
0.000061,
0.000061,
0.000061,
0.000061,
0.000061,
0.000061,
0.000061,
0.000061,
0.000061,
0.000061,
0.000061,
0.000061,
0.000061,
0.000061,
0.000061,
0.000061,
0.000060,
0.000060,
0.000060,
0.000060,
0.000060,
0.000060,
0.000060,
0.000060,
0.000060,
0.000055,
0.000055,
0.000055,
0.000055,
0.000055,
0.000055,
0.000055,
0.000054,
0.000054,
0.000054,
0.000054,
0.000054,
0.000054,
0.000054,
0.000054,
0.000054,
0.000054,
0.000054,
0.000054,
0.000054,
0.000054,
0.000054,
0.000054,
0.000054,
0.000054,
0.000054,
0.000054,
0.000054,
0.000054,
0.000054,
0.000054,
0.000053,
0.000053,
0.000053,
0.000053,
0.000053,
0.000053,
0.000053,
0.000053,
0.000053,
0.000053,
0.000053,
0.000053,
0.000053,
0.000053,
0.000053,
0.000053,
0.000053,
0.000053,
0.000053,
0.000053,
0.000053,
0.000053,
0.000053,
0.000053,
0.000053,
0.000052,
0.000052,
0.000052,
0.000052,
0.000052,
0.000052,
0.000052,
0.000052,
0.000052,
0.000052,
0.000052,
0.000052,
0.000052,
0.000052,
0.000052,
0.000052,
0.000052,
0.000052,
0.000052,
0.000052,
0.000052,
0.000052,
0.000052,
0.000052,
0.000052,
0.000052,
0.000052,
0.000051,
0.000051,
0.000051,
0.000051,
0.000051,
0.000051,
0.000051,
0.000051,
0.000051,
0.000051,
0.000051,
0.000051,
0.000051,
0.000051,
0.000051,
0.000051,
0.000051,
0.000051,
0.000051,
0.000051,
0.000051,
0.000051,
0.000051,
0.000051,
0.000051,
0.000051,
0.000051,
0.000051,
0.000051,
0.000050,
0.000050,
0.000050,
0.000050,
0.000050,
0.000050,
0.000050,
0.000050,
0.000050,
0.000050,
0.000050,
0.000050,
0.000050,
0.000050,
0.000050,
0.000050,
0.000050,
0.000050,
0.000050,
0.000050,
0.000050,
0.000050,
0.000050,
0.000050,
0.000050,
0.000050,
0.000050,
0.000050,
0.000050,
0.000050,
0.000049,
0.000049,
0.000049,
0.000049,
0.000049,
0.000049,
0.000049,
0.000049,
0.000049,
0.000049,
0.000049,
0.000049,
0.000049,
0.000049,
0.000049,
0.000049,
0.000049,
0.000049,
0.000049,
0.000049,
0.000049,
0.000049,
0.000049,
0.000049,
0.000049,
0.000049,
0.000049,
0.000049,
0.000049,
0.000049,
0.000049,
0.000049,
0.000048,
0.000048,
0.000048,
0.000048,
0.000048,
0.000048,
0.000048,
0.000047,
0.000047,
0.000047,
0.000047,
0.000047,
0.000047,
0.000047,
0.000047,
0.000047,
0.000047,
0.000047,
0.000047,
0.000046,
0.000046,
0.000046,
0.000046,
0.000046,
0.000046,
0.000046,
0.000046,
0.000046,
0.000046,
0.000046,
0.000046,
0.000046,
0.000046,
0.000046,
0.000046,
0.000046,
0.000046,
0.000046,
0.000046,
0.000046,
0.000046,
0.000046,
0.000046,
0.000046,
0.000046,
0.000046,
0.000046,
0.000046,
0.000046,
0.000046,
0.000046,
0.000046,
0.000046,
0.000046,
0.000046,
0.000046,
0.000045,
0.000045,
0.000045,
0.000045,
0.000044,
0.000044,
0.000044,
0.000044,
0.000044,
0.000044,
0.000044,
0.000044,
0.000044,
0.000044,
0.000044,
0.000044,
0.000044,
0.000044,
0.000044,
0.000044,
0.000044,
0.000044,
0.000044,
0.000044,
0.000043,
0.000043,
0.000043,
0.000043,
0.000043,
0.000043,
0.000043,
0.000043,
0.000043,
0.000043,
0.000043,
0.000043,
0.000043,
0.000043,
0.000043,
0.000043,
0.000043,
0.000043,
0.000043,
0.000043,
0.000043,
0.000043,
0.000043,
0.000043,
0.000043,
0.000043,
0.000043,
0.000043,
0.000043,
0.000043,
0.000043,
0.000043,
0.000043,
0.000043,
0.000043,
0.000043,
0.000043,
0.000043,
0.000043,
0.000043,
0.000043,
0.000043,
0.000043,
0.000042,
0.000042,
0.000042,
0.000042,
0.000042,
0.000042,
0.000042,
0.000042,
0.000042,
0.000042,
0.000042,
0.000042,
0.000042,
0.000042,
0.000042,
0.000042,
0.000042,
0.000042,
0.000042,
0.000042,
0.000042,
0.000037,
0.000037,
0.000037,
0.000037,
0.000037,
0.000037,
0.000037,
0.000037,
0.000037,
0.000037,
0.000037,
0.000037,
0.000037,
0.000037,
0.000037,
0.000037,
0.000037,
0.000037,
0.000037,
0.000037,
0.000037,
0.000037,
0.000037,
0.000037,
0.000037,
0.000037,
0.000037,
0.000037,
0.000037,
0.000037,
0.000037,
0.000037,
0.000037,
0.000037,
0.000037,
0.000036,
0.000036,
0.000036,
0.000036,
0.000036,
0.000036,
0.000036,
0.000036,
0.000036,
0.000036,
0.000036,
0.000036,
0.000034,
0.000034,
0.000034,
0.000034,
0.000034,
0.000034,
0.000034,
0.000034,
0.000034,
0.000034,
0.000034,
0.000034,
0.000034,
0.000034,
0.000034,
0.000034,
0.000034,
0.000034,
0.000034,
0.000034,
0.000034,
0.000034,
0.000034,
0.000034,
0.000034,
0.000034,
0.000034,
0.000034,
0.000034,
0.000034,
0.000034,
0.000034,
0.000034,
0.000034,
0.000034,
0.000034,
0.000034,
0.000033,
0.000033,
0.000033,
0.000033,
0.000033,
0.000036,
0.000036,
0.000035,
0.000035,
0.000035,
0.000035,
0.000035,
0.000035,
0.000035,
0.000035,
0.000035,
0.000035,
0.000035,
0.000035,
0.000035,
0.000035,
0.000035,
0.000035,
0.000035,
0.000035,
0.000035,
0.000035,
0.000035,
0.000035,
0.000035,
0.000035,
0.000035,
0.000035,
0.000035,
0.000035,
0.000035,
0.000035,
0.000035,
0.000035,
0.000035,
0.000035,
0.000035,
0.000035,
0.000035,
0.000035,
0.000035,
0.000035,
0.000035,
0.000035,
0.000035,
0.000035,
0.000035,
0.000035,
0.000035,
0.000035,
0.000035,
0.000035,
0.000035,
0.000035,
0.000035,
0.000035,
0.000035,
0.000035,
0.000035,
0.000035,
0.000035,
0.000035,
0.000035,
0.000035,
0.000034,
0.000034,
0.000034,
0.000034,
0.000034,
0.000034,
0.000034,
0.000034,
0.000034,
0.000034,
0.000034,
0.000034,
0.000034,
0.000034,
0.000034,
0.000034,
0.000034,
0.000034,
0.000034,
0.000034,
0.000034,
0.000034,
0.000034,
0.000034,
0.000034,
0.000034,
0.000034,
0.000034,
0.000034,
0.000034,
0.000034,
0.000034,
0.000034,
0.000034,
0.000034,
0.000034,
0.000034,
0.000034,
0.000034,
0.000034,
0.000034,
0.000034,
0.000034,
0.000034,
0.000034,
0.000034,
0.000034,
0.000034,
0.000034,
0.000034,
0.000034,
0.000034,
0.000034,
0.000034,
0.000034,
0.000034,
0.000034,
0.000034,
0.000034,
0.000034,
0.000034,
0.000034,
0.000034,
0.000034,
0.000034,
0.000034,
0.000034,
0.000033,
0.000033,
0.000033,
0.000033,
0.000033,
0.000033,
0.000033,
0.000033,
0.000033,
0.000033,
0.000033,
0.000033,
0.000033,
0.000033,
0.000033,
0.000033,
0.000033,
0.000033,
0.000033,
0.000033,
0.000033,
0.000033,
0.000033,
0.000033,
0.000033,
0.000033,
0.000033,
0.000033,
0.000033,
0.000033,
0.000033,
0.000033,
0.000033,
0.000033,
0.000033,
0.000033,
0.000033,
0.000033,
0.000033,
0.000033,
0.000033,
0.000033,
0.000033,
0.000033,
0.000033,
0.000033,
0.000033,
0.000033,
0.000033,
0.000033,
0.000033,
0.000033,
0.000033,
0.000033,
0.000033,
0.000033,
0.000033,
0.000033,
0.000033,
0.000033,
0.000033,
0.000033,
0.000033,
0.000033,
0.000033,
0.000033,
0.000033,
0.000033,
0.000033,
0.000033,
0.000033,
0.000033,
0.000033,
0.000032,
0.000032,
0.000032,
0.000032,
0.000032,
0.000032,
0.000032,
0.000032,
0.000032,
0.000032,
0.000032,
0.000032,
0.000032,
0.000032,
0.000032,
0.000032,
0.000032,
0.000032,
0.000032,
0.000032,
0.000032,
0.000032,
0.000032,
0.000032,
0.000032,
0.000032,
0.000032,
0.000032,
0.000032,
0.000032,
0.000032,
0.000032,
0.000032,
0.000032,
0.000032,
0.000032,
0.000032,
0.000032,
0.000032,
0.000032,
0.000032,
0.000032,
0.000032,
0.000032,
0.000032,
0.000032,
0.000032,
0.000032,
0.000032,
0.000032,
0.000032,
0.000032,
0.000032,
0.000032,
0.000032,
0.000032,
0.000032,
0.000032,
0.000032,
0.000032,
0.000032,
0.000032,
0.000032,
0.000032,
0.000032,
0.000032,
0.000032,
0.000032,
0.000032,
0.000032,
0.000032,
0.000032,
0.000032,
0.000032,
0.000032,
0.000032,
0.000032,
0.000032,
0.000032,
0.000032,
0.000031,
0.000031,
0.000031,
0.000031,
0.000031,
0.000031,
0.000031,
0.000031,
0.000031,
0.000031,
0.000031,
0.000031,
0.000031,
0.000031,
0.000031,
0.000031,
0.000031,
0.000031,
0.000031,
0.000031,
0.000031,
0.000031,
0.000031,
0.000031,
0.000031,
0.000031,
0.000031,
0.000031,
0.000031,
0.000031,
0.000031,
0.000031,
0.000031,
0.000031,
0.000031,
0.000031,
0.000031,
0.000031,
0.000031,
0.000031,
0.000031,
0.000031,
0.000031,
0.000031,
0.000031,
0.000031,
0.000031,
0.000031,
0.000031,
0.000031,
0.000031,
0.000031,
0.000031,
0.000031,
0.000031,
0.000031,
0.000031,
0.000031,
0.000031,
0.000031,
0.000031,
0.000031,
0.000031,
0.000031,
0.000031,
0.000031,
0.000031,
0.000031,
0.000031,
0.000031,
0.000031,
0.000031,
0.000031,
0.000031,
0.000031,
0.000031,
0.000031,
0.000031,
0.000031,
0.000031,
0.000031,
0.000031,
0.000031,
0.000031,
0.000031,
0.000031,
0.000031,
0.000031,
0.000030,
0.000030,
0.000030,
0.000030,
0.000030,
0.000030,
0.000030,
0.000030,
0.000030,
0.000030,
0.000030,
0.000030,
0.000030,
0.000030,
0.000030,
0.000030,
0.000030,
0.000030,
0.000030,
0.000030,
0.000030,
0.000030,
0.000030,
0.000030,
0.000030,
0.000030,
0.000030,
0.000030,
0.000030,
0.000030,
0.000030,
0.000030,
0.000030,
0.000030,
0.000030,
0.000030,
0.000030,
0.000030,
0.000030,
0.000030,
0.000030,
0.000030,
0.000030,
0.000030,
0.000030,
0.000030,
0.000030,
0.000030,
0.000030,
0.000030,
0.000030,
0.000030,
0.000030,
0.000030,
0.000030,
0.000030,
0.000030,
0.000030,
0.000030,
0.000030,
0.000030,
0.000030,
0.000030,
0.000030,
0.000030,
0.000030,
0.000030,
0.000030,
0.000030,
0.000030,
0.000030,
0.000030,
0.000030,
0.000030,
0.000030,
0.000030,
0.000030,
0.000030,
0.000030,
0.000030,
0.000030,
0.000030,
0.000030,
0.000030,
0.000030,
0.000030,
0.000030,
0.000030,
0.000030,
0.000030,
0.000030,
0.000030,
0.000030,
0.000030,
0.000030,
0.000030,
0.000030,
0.000030,
0.000029,
0.000029,
0.000029,
0.000029,
0.000029,
0.000029,
0.000029,
0.000029,
0.000029,
0.000029,
0.000029,
0.000029,
0.000029,
0.000029,
0.000029,
0.000029,
0.000029,
0.000029,
0.000029,
0.000029,
0.000029,
0.000029,
0.000029,
0.000029,
0.000029,
0.000029,
0.000029,
0.000029,
0.000029,
0.000029,
0.000029,
0.000029,
0.000029,
0.000029,
0.000029,
0.000029,
0.000029,
0.000029,
0.000029,
0.000029,
0.000029,
0.000029,
0.000029,
0.000029,
0.000029,
0.000029,
0.000029,
0.000029,
0.000029,
0.000029,
0.000029,
0.000029,
0.000029,
0.000029,
0.000029,
0.000029,
0.000029,
0.000029,
0.000029,
0.000029,
0.000029,
0.000029,
0.000029,
0.000029,
0.000029,
0.000029,
0.000029,
0.000029,
0.000029,
0.000029,
0.000029,
0.000029,
0.000029,
0.000029,
0.000029,
0.000029,
0.000029,
0.000029,
0.000029,
0.000029,
0.000029,
0.000029,
0.000029,
0.000029,
0.000029,
0.000029,
0.000029,
0.000029,
0.000029,
0.000029,
0.000029,
0.000029,
0.000029,
0.000029,
0.000029,
0.000029,
0.000029,
0.000029,
0.000029,
0.000029,
0.000029,
0.000029,
0.000029,
0.000029,
0.000029,
0.000029,
0.000029,
0.000029,
0.000028,
0.000028,
0.000028,
0.000028,
0.000028,
0.000028,
0.000028,
0.000028,
0.000028,
0.000028,
0.000028,
0.000027,
0.000027,
0.000027,
0.000027,
0.000027,
0.000027,
0.000027,
0.000027,
0.000027,
0.000027,
0.000027,
0.000027,
0.000027,
0.000027,
0.000027,
0.000027,
0.000027,
0.000027,
0.000027,
0.000027,
0.000027,
0.000027,
0.000027,
0.000027,
0.000027,
0.000027,
0.000026,
0.000026,
0.000026,
0.000026,
0.000026,
0.000026,
0.000026,
0.000026,
0.000026,
0.000026,
0.000026,
0.000026,
0.000026,
0.000026,
0.000026,
0.000026,
0.000026,
0.000026,
0.000026,
0.000026,
0.000026,
0.000026,
0.000026,
0.000026,
0.000026,
0.000026,
0.000026,
0.000026,
0.000026,
0.000026,
0.000026,
0.000026,
0.000026,
0.000026,
0.000026,
0.000026,
0.000026,
0.000026,
0.000026,
0.000026,
0.000026,
0.000026,
0.000026,
0.000026,
0.000026,
0.000026,
0.000026,
0.000026,
0.000026,
0.000026,
0.000026,
0.000026,
0.000026,
0.000026,
0.000026,
0.000026,
0.000026,
0.000026,
0.000026,
0.000026,
0.000026,
0.000026,
0.000026,
0.000026,
0.000026,
0.000026,
0.000026,
0.000026,
0.000026,
0.000026,
0.000026,
0.000026,
0.000026,
0.000026,
0.000026,
0.000026,
0.000026,
0.000026,
0.000026,
0.000026,
0.000026,
0.000026,
0.000026,
0.000026,
0.000026,
0.000026,
0.000026,
0.000026,
0.000026,
0.000026,
0.000026,
0.000026,
0.000026,
0.000026,
0.000026,
0.000026,
0.000026,
0.000026,
0.000026,
0.000026,
0.000026,
0.000026,
0.000026,
0.000026,
0.000026,
0.000026,
0.000026,
0.000026,
0.000026,
0.000026,
0.000026,
0.000026,
0.000026,
0.000026,
0.000026,
0.000026,
0.000026,
0.000026,
0.000026,
0.000026,
0.000026,
0.000026,
0.000026,
0.000026,
0.000026,
0.000026,
0.000026,
0.000026,
0.000026,
0.000026,
0.000026,
0.000026,
0.000025,
0.000025,
0.000025,
0.000025,
0.000025,
0.000025,
0.000025,
0.000025,
0.000025,
0.000025,
0.000025,
0.000025,
0.000025,
0.000025,
0.000025,
0.000025,
0.000025,
0.000025,
0.000025,
0.000025,
0.000025,
0.000025,
0.000025,
0.000025,
0.000025,
0.000025,
0.000025,
0.000025,
0.000025,
0.000025,
0.000025,
0.000025,
0.000025,
0.000025,
0.000025,
0.000025,
0.000025,
0.000025,
0.000025,
0.000025,
0.000025,
0.000025,
0.000025,
0.000025,
0.000025,
0.000025,
0.000025,
0.000025,
0.000025,
0.000025,
0.000025,
0.000025,
0.000025,
0.000025,
0.000025,
0.000025,
0.000025,
0.000025,
0.000025,
0.000025,
0.000025,
0.000025,
0.000025,
0.000025,
0.000025,
0.000025,
0.000025,
0.000025,
0.000025,
0.000025,
0.000025,
0.000025,
0.000025,
0.000025,
0.000025,
0.000025,
0.000025,
0.000025,
0.000025,
0.000025,
0.000025,
0.000025,
0.000025,
0.000025,
0.000025,
0.000025,
0.000025,
0.000025,
0.000025,
0.000025,
0.000025,
0.000025,
0.000025,
0.000025,
0.000025,
0.000025,
0.000025,
0.000025,
0.000025,
0.000025,
0.000025,
0.000025,
0.000025,
0.000025,
0.000025,
0.000025,
0.000025,
0.000025,
0.000025,
0.000025,
0.000025,
0.000025,
0.000025,
0.000025,
0.000025,
0.000025,
0.000025,
0.000025,
0.000025,
0.000025,
0.000025,
0.000025,
0.000025,
0.000025,
0.000025,
0.000025,
0.000025,
0.000025,
0.000025,
0.000025,
0.000025,
0.000025,
0.000025,
0.000025,
0.000025,
0.000025,
0.000025,
0.000025,
0.000025,
0.000025,
0.000025,
0.000025,
0.000025,
0.000025,
0.000025,
0.000025,
0.000022,
0.000022,
0.000022,
0.000022,
0.000022,
0.000022,
0.000022,
0.000022,
0.000022,
0.000022,
0.000022,
0.000022,
0.000022,
0.000022,
0.000022,
0.000022,
0.000022,
0.000022,
0.000022,
0.000022,
0.000022,
0.000022,
0.000022,
0.000022,
0.000022,
0.000022,
0.000022,
0.000022,
0.000022,
0.000022,
0.000022,
0.000022,
0.000022,
0.000022,
0.000021,
0.000021,
0.000021,
0.000021,
0.000021,
0.000021,
0.000021,
0.000021,
0.000021,
0.000021,
0.000021,
0.000021,
0.000021,
0.000021,
0.000021,
0.000021,
0.000021,
0.000021,
0.000021,
0.000021,
0.000021,
0.000021,
0.000021,
0.000021,
0.000021,
0.000021,
0.000021,
0.000021,
0.000021,
0.000021,
0.000021,
0.000021,
0.000021,
0.000021,
0.000021,
0.000021,
0.000021,
0.000021,
0.000021,
0.000021,
0.000021,
0.000021,
0.000021,
0.000021,
0.000021,
0.000021,
0.000021,
0.000021,
0.000021,
0.000021,
0.000021,
0.000021,
0.000021,
0.000021,
0.000021,
0.000021,
0.000021,
0.000021,
0.000021,
0.000021,
0.000021,
0.000021,
0.000021,
0.000021,
0.000021,
0.000021,
0.000021,
0.000021,
0.000021,
0.000021,
0.000021,
0.000021,
0.000021,
0.000021,
0.000021,
0.000021,
0.000021,
0.000021,
0.000021,
0.000021,
0.000021,
0.000021,
0.000021,
0.000021,
